HAI WGS ID	2024IQ-00069	2024KU-00230	2024BM-00153	LACPHL-BACT-2024-00345	LACPHL-BACT-2024-00123	2023GO-0143	2024CK-00532	2024CK-01834	2024CK-00455	2024BM-00061	2025BM-00018	2024BM-00020	2024BM-00112	2024BM-00039	2024HL-00231	2024HL-00389	2024GO-0114	2023CK-00601	2025GO-0018	2024QG-00300	2024DK-00307	2024EP-00439	LACPHL-BACT-2024-00113	2024KU-00019	2024BM-00074	2024BM-00075	2024HL-00679	2024BM-00089	LACPHL-BACT-2024-00041	2024BM-00033	LACPHL-BACT-2024-00344	LACPHL-BACT-2024-00337	LACPHL-BACT-2024-00333	2025HL-01480	2023KU-00273	2024HL-00477	2023GO-0142	2024BM-00175	2023CK-00752
2024IQ-00069	0	0	3	4	5	7	5	45	7	5	4	3	4	3	6	7	5	4	6	3	5	5	6	6	4	3	6	5	3	2	2	2	2	2	3	7	3	8	7
2024KU-00230	0	0	3	4	5	7	5	45	7	5	4	3	4	3	6	7	5	4	6	3	5	5	6	6	4	3	6	5	3	2	2	2	2	2	3	7	3	8	7
2024BM-00153	3	3	0	5	6	8	6	46	8	6	5	4	5	4	7	8	6	5	7	4	6	6	7	7	5	4	7	6	4	3	3	3	3	3	4	8	4	9	8
LACPHL-BACT-2024-00345	4	4	5	0	7	9	7	47	9	7	6	5	6	5	8	9	7	6	8	5	7	7	8	8	6	5	8	7	5	4	4	4	4	4	5	9	5	10	9
LACPHL-BACT-2024-00123	5	5	6	7	0	6	6	46	8	6	5	4	5	4	7	8	6	5	7	4	6	6	7	7	5	4	7	6	4	3	3	3	3	3	4	8	4	9	8
2023GO-0143	7	7	8	9	6	0	8	48	10	8	7	6	7	6	9	10	8	7	9	6	8	8	9	9	7	6	9	8	6	5	5	5	5	5	6	10	6	11	10
2024CK-00532	5	5	6	7	6	8	0	42	4	6	5	4	5	4	7	8	6	5	7	4	6	6	7	7	5	4	7	6	4	3	3	3	3	3	4	8	4	9	8
2024CK-01834	45	45	46	47	46	48	42	0	44	46	45	44	45	44	47	48	46	45	47	44	46	46	47	47	45	44	47	46	44	43	43	43	43	43	44	48	44	49	48
2024CK-00455	7	7	8	9	8	10	4	44	0	8	7	6	7	6	9	10	8	7	9	6	8	8	9	9	7	6	9	8	6	5	5	5	5	5	6	10	6	11	10
2024BM-00061	5	5	6	7	6	8	6	46	8	0	3	2	5	4	7	8	6	5	7	4	6	6	7	7	5	4	7	6	4	3	3	3	3	3	4	8	4	9	8
2025BM-00018	4	4	5	6	5	7	5	45	7	3	0	1	4	3	6	7	5	4	6	3	5	5	6	6	4	3	6	5	3	2	2	2	2	2	3	7	3	8	7
2024BM-00020	3	3	4	5	4	6	4	44	6	2	1	0	3	2	5	6	4	3	5	2	4	4	5	5	3	2	5	4	2	1	1	1	1	1	2	6	2	7	6
2024BM-00112	4	4	5	6	5	7	5	45	7	5	4	3	0	1	6	7	5	4	6	3	5	5	6	6	4	3	6	5	3	2	2	2	2	2	3	7	3	8	7
2024BM-00039	3	3	4	5	4	6	4	44	6	4	3	2	1	0	5	6	4	3	5	2	4	4	5	5	3	2	5	4	2	1	1	1	1	1	2	6	2	7	6
2024HL-00231	6	6	7	8	7	9	7	47	9	7	6	5	6	5	0	5	7	6	8	5	7	7	8	8	6	5	8	7	5	4	4	4	4	4	5	9	5	10	9
2024HL-00389	7	7	8	9	8	10	8	48	10	8	7	6	7	6	5	0	8	7	9	6	8	8	9	9	7	6	9	8	6	5	5	5	5	5	6	10	6	11	10
2024GO-0114	5	5	6	7	6	8	6	46	8	6	5	4	5	4	7	8	0	5	7	4	6	6	7	7	5	4	7	6	4	3	3	3	3	3	4	8	4	9	8
2023CK-00601	4	4	5	6	5	7	5	45	7	5	4	3	4	3	6	7	5	0	6	3	5	5	6	6	4	3	6	5	3	2	2	2	2	2	3	7	3	8	7
2025GO-0018	6	6	7	8	7	9	7	47	9	7	6	5	6	5	8	9	7	6	0	5	7	7	8	8	6	5	8	7	5	4	4	4	4	4	5	9	5	10	9
2024QG-00300	3	3	4	5	4	6	4	44	6	4	3	2	3	2	5	6	4	3	5	0	4	4	5	5	3	2	5	4	2	1	1	1	1	1	2	6	2	7	6
2024DK-00307	5	5	6	7	6	8	6	46	8	6	5	4	5	4	7	8	6	5	7	4	0	6	7	7	5	4	7	6	4	3	3	3	3	3	4	8	4	9	8
2024EP-00439	5	5	6	7	6	8	6	46	8	6	5	4	5	4	7	8	6	5	7	4	6	0	7	7	5	4	7	6	4	3	3	3	3	3	4	8	4	9	8
LACPHL-BACT-2024-00113	6	6	7	8	7	9	7	47	9	7	6	5	6	5	8	9	7	6	8	5	7	7	0	8	6	5	8	7	5	4	4	4	4	4	5	9	5	10	9
2024KU-00019	6	6	7	8	7	9	7	47	9	7	6	5	6	5	8	9	7	6	8	5	7	7	8	0	6	5	8	7	5	4	4	4	4	4	5	9	5	10	9
2024BM-00074	4	4	5	6	5	7	5	45	7	5	4	3	4	3	6	7	5	4	6	3	5	5	6	6	0	3	6	5	3	2	2	2	2	2	3	7	3	8	7
2024BM-00075	3	3	4	5	4	6	4	44	6	4	3	2	3	2	5	6	4	3	5	2	4	4	5	5	3	0	5	4	2	1	1	1	1	1	2	6	2	7	6
2024HL-00679	6	6	7	8	7	9	7	47	9	7	6	5	6	5	8	9	7	6	8	5	7	7	8	8	6	5	0	7	5	4	4	4	4	4	5	9	5	10	9
2024BM-00089	5	5	6	7	6	8	6	46	8	6	5	4	5	4	7	8	6	5	7	4	6	6	7	7	5	4	7	0	4	3	3	3	3	3	4	8	4	9	8
LACPHL-BACT-2024-00041	3	3	4	5	4	6	4	44	6	4	3	2	3	2	5	6	4	3	5	2	4	4	5	5	3	2	5	4	0	1	1	1	1	1	2	6	2	7	6
2024BM-00033	2	2	3	4	3	5	3	43	5	3	2	1	2	1	4	5	3	2	4	1	3	3	4	4	2	1	4	3	1	0	0	0	0	0	1	5	1	6	5
LACPHL-BACT-2024-00344	2	2	3	4	3	5	3	43	5	3	2	1	2	1	4	5	3	2	4	1	3	3	4	4	2	1	4	3	1	0	0	0	0	0	1	5	1	6	5
LACPHL-BACT-2024-00337	2	2	3	4	3	5	3	43	5	3	2	1	2	1	4	5	3	2	4	1	3	3	4	4	2	1	4	3	1	0	0	0	0	0	1	5	1	6	5
LACPHL-BACT-2024-00333	2	2	3	4	3	5	3	43	5	3	2	1	2	1	4	5	3	2	4	1	3	3	4	4	2	1	4	3	1	0	0	0	0	0	1	5	1	6	5
2025HL-01480	2	2	3	4	3	5	3	43	5	3	2	1	2	1	4	5	3	2	4	1	3	3	4	4	2	1	4	3	1	0	0	0	0	0	1	5	1	6	5
2023KU-00273	3	3	4	5	4	6	4	44	6	4	3	2	3	2	5	6	4	3	5	2	4	4	5	5	3	2	5	4	2	1	1	1	1	1	0	6	2	7	6
2024HL-00477	7	7	8	9	8	10	8	48	10	8	7	6	7	6	9	10	8	7	9	6	8	8	9	9	7	6	9	8	6	5	5	5	5	5	6	0	6	11	10
2023GO-0142	3	3	4	5	4	6	4	44	6	4	3	2	3	2	5	6	4	3	5	2	4	4	5	5	3	2	5	4	2	1	1	1	1	1	2	6	0	7	6
2024BM-00175	8	8	9	10	9	11	9	49	11	9	8	7	8	7	10	11	9	8	10	7	9	9	10	10	8	7	10	9	7	6	6	6	6	6	7	11	7	0	11
2023CK-00752	7	7	8	9	8	10	8	48	10	8	7	6	7	6	9	10	8	7	9	6	8	8	9	9	7	6	9	8	6	5	5	5	5	5	6	10	6	11	0
