HAI WGS ID	2024CK-01357	2024CK-00647	2024CK-00329	2023CK-01274	2023CK-01292	2023CK-01512	2024CK-00247	2023CK-01294	2024CK-00131	2024CK-00185	2024CK-00205	2024CK-01880	2024CK-00004	2024CK-00250
2024CK-01357	0	4	4	19	17	23	19	16	16	16	16	25	17	17
2024CK-00647	4	0	2	17	15	21	17	14	14	14	14	23	15	15
2024CK-00329	4	2	0	17	15	21	17	14	14	14	14	23	15	15
2023CK-01274	19	17	17	0	2	16	12	9	9	9	9	18	10	10
2023CK-01292	17	15	15	2	0	14	10	7	7	7	7	16	8	8
2023CK-01512	23	21	21	16	14	0	10	7	7	7	7	16	8	8
2024CK-00247	19	17	17	12	10	10	0	3	3	3	3	12	4	4
2023CK-01294	16	14	14	9	7	7	3	0	0	0	0	9	1	1
2024CK-00131	16	14	14	9	7	7	3	0	0	0	0	9	1	1
2024CK-00185	16	14	14	9	7	7	3	0	0	0	0	9	1	1
2024CK-00205	16	14	14	9	7	7	3	0	0	0	0	9	1	1
2024CK-01880	25	23	23	18	16	16	12	9	9	9	9	0	8	8
2024CK-00004	17	15	15	10	8	8	4	1	1	1	1	8	0	0
2024CK-00250	17	15	15	10	8	8	4	1	1	1	1	8	0	0
