HAI_WGS_ID	2024HL-01423	2024HL-01450	2025HL-00123	2024HL-01299	2024HL-01410	2024HL-01041	2024HL-01096	2025HL-01475	2024HL-01457	2024HL-01458	2024HL-01000	2025HL-00028	2024HL-01193	2025HL-00136	2024HL-01250	2025HL-00137	2025HL-01476	2025HL-01474	2025HL-00121	2025HL-00135	2024HL-01112	2024HL-01044	2024HL-01425	2024HL-01412	2024HL-01198	2024HL-00989	2024HL-00792	2024HL-00865	2024HL-00638	2024HL-01251	2024HL-01271	2025HL-01493	2024HL-00564	2024HL-00412	2024HL-01086	2024HL-00649	2024HL-00639	2024HL-01118	2024HL-00594	2025HL-00027	2024HL-00668	2025HL-00037	2025HL-01510	2025HL-00021	2024HL-01043	2024HL-00795	2024HL-00740	2024HL-00722	2024HL-01424	2024HL-00432
2024HL-01423	0	2	6	7	4	3	6	7	5	5	4	11	11	7	6	6	6	5	5	5	10	9	10	11	10	11	8	8	7	7	7	7	10	14	12	10	9	24	16	17	15	27	26	26	14	16	22	17	20	20
2024HL-01450	2	0	4	5	2	1	4	5	3	3	2	9	9	5	4	4	4	3	3	3	8	7	8	9	8	9	6	6	5	5	5	5	8	12	10	8	7	22	14	15	13	25	24	24	12	14	20	15	18	18
2025HL-00123	6	4	0	7	4	3	6	7	5	5	4	11	11	7	6	6	6	5	5	5	10	9	10	11	10	11	8	8	7	7	7	7	10	14	12	10	9	24	16	17	15	27	26	26	14	16	22	17	20	20
2024HL-01299	7	5	7	0	5	4	7	8	6	6	5	12	12	8	7	7	7	6	6	6	11	10	11	12	11	12	9	9	8	8	8	8	11	15	13	11	10	25	17	18	16	28	27	27	15	17	23	18	21	21
2024HL-01410	4	2	4	5	0	1	4	5	3	3	2	9	9	5	4	4	4	3	3	3	8	7	8	9	8	9	6	6	5	5	5	5	8	12	10	8	7	22	14	15	13	25	24	24	12	14	20	15	18	18
2024HL-01041	3	1	3	4	1	0	3	4	2	2	1	8	8	4	3	3	3	2	2	2	7	6	7	8	7	8	5	5	4	4	4	4	7	11	9	7	6	21	13	14	12	24	23	23	11	13	19	14	17	17
2024HL-01096	6	4	6	7	4	3	0	5	3	3	2	9	9	5	4	4	4	3	3	3	8	7	8	9	8	9	6	6	5	5	5	5	8	12	10	8	7	22	14	15	13	25	24	24	12	14	20	15	18	18
2025HL-01475	7	5	7	8	5	4	5	0	4	4	3	10	10	6	5	5	5	4	4	4	9	8	9	10	9	10	7	7	6	6	6	6	9	13	11	9	8	23	15	16	14	26	25	25	13	15	21	16	19	19
2024HL-01457	5	3	5	6	3	2	3	4	0	2	1	8	8	4	3	3	3	2	2	2	7	6	7	8	7	8	5	5	4	4	4	4	7	11	9	7	6	21	13	14	12	24	23	23	11	13	19	14	17	17
2024HL-01458	5	3	5	6	3	2	3	4	2	0	1	8	8	4	3	3	3	2	2	2	7	6	7	8	7	8	5	5	4	4	4	4	7	11	9	7	6	21	13	14	12	24	23	23	11	13	19	14	17	17
2024HL-01000	4	2	4	5	2	1	2	3	1	1	0	7	7	3	2	2	2	1	1	1	6	5	6	7	6	7	4	4	3	3	3	3	6	10	8	6	5	20	12	13	11	23	22	22	10	12	18	13	16	16
2025HL-00028	11	9	11	12	9	8	9	10	8	8	7	0	2	8	7	7	7	6	6	6	11	10	11	12	11	12	9	9	8	8	8	8	11	15	13	11	10	25	17	18	16	28	27	27	15	17	23	18	21	21
2024HL-01193	11	9	11	12	9	8	9	10	8	8	7	2	0	8	7	7	7	6	6	6	11	10	11	12	11	12	9	9	8	8	8	8	11	15	13	11	10	25	17	18	16	28	27	27	15	17	23	18	21	21
2025HL-00136	7	5	7	8	5	4	5	6	4	4	3	8	8	0	3	3	3	2	2	2	7	6	7	8	7	8	5	5	4	4	4	4	7	11	9	7	6	21	13	14	12	24	23	23	11	13	19	14	17	17
2024HL-01250	6	4	6	7	4	3	4	5	3	3	2	7	7	3	0	2	2	1	1	1	6	5	6	7	6	7	4	4	3	3	3	3	6	10	8	6	5	20	12	13	11	23	22	22	10	12	18	13	16	16
2025HL-00137	6	4	6	7	4	3	4	5	3	3	2	7	7	3	2	0	2	1	1	1	6	5	6	7	6	7	4	4	3	3	3	3	6	10	8	6	5	20	12	13	11	23	22	22	10	12	18	13	16	16
2025HL-01476	6	4	6	7	4	3	4	5	3	3	2	7	7	3	2	2	0	1	1	1	6	5	6	7	6	7	4	4	3	3	3	3	6	10	8	6	5	20	12	13	11	23	22	22	10	12	18	13	16	16
2025HL-01474	5	3	5	6	3	2	3	4	2	2	1	6	6	2	1	1	1	0	0	0	5	4	5	6	5	6	3	3	2	2	2	2	5	9	7	5	4	19	11	12	10	22	21	21	9	11	17	12	15	15
2025HL-00121	5	3	5	6	3	2	3	4	2	2	1	6	6	2	1	1	1	0	0	0	5	4	5	6	5	6	3	3	2	2	2	2	5	9	7	5	4	19	11	12	10	22	21	21	9	11	17	12	15	15
2025HL-00135	5	3	5	6	3	2	3	4	2	2	1	6	6	2	1	1	1	0	0	0	5	4	5	6	5	6	3	3	2	2	2	2	5	9	7	5	4	19	11	12	10	22	21	21	9	11	17	12	15	15
2024HL-01112	10	8	10	11	8	7	8	9	7	7	6	11	11	7	6	6	6	5	5	5	0	1	6	7	6	7	4	4	3	3	3	3	6	10	8	6	5	20	12	13	11	23	22	22	10	12	18	13	16	16
2024HL-01044	9	7	9	10	7	6	7	8	6	6	5	10	10	6	5	5	5	4	4	4	1	0	5	6	5	6	3	3	2	2	2	2	5	9	7	5	4	19	11	12	10	22	21	21	9	11	17	12	15	15
2024HL-01425	10	8	10	11	8	7	8	9	7	7	6	11	11	7	6	6	6	5	5	5	6	5	0	5	6	7	4	4	3	3	3	3	6	10	8	6	5	20	12	13	11	23	22	22	10	12	18	13	16	16
2024HL-01412	11	9	11	12	9	8	9	10	8	8	7	12	12	8	7	7	7	6	6	6	7	6	5	0	7	8	5	5	4	4	4	4	7	11	9	7	6	21	13	14	12	24	23	23	11	13	19	14	17	17
2024HL-01198	10	8	10	11	8	7	8	9	7	7	6	11	11	7	6	6	6	5	5	5	6	5	6	7	0	7	4	4	3	3	3	3	6	10	8	6	5	20	12	13	11	23	22	22	10	12	18	13	16	16
2024HL-00989	11	9	11	12	9	8	9	10	8	8	7	12	12	8	7	7	7	6	6	6	7	6	7	8	7	0	5	5	4	4	4	4	7	11	9	7	6	21	13	14	12	24	23	23	11	13	19	14	17	17
2024HL-00792	8	6	8	9	6	5	6	7	5	5	4	9	9	5	4	4	4	3	3	3	4	3	4	5	4	5	0	2	1	1	1	1	4	8	6	4	3	18	10	11	9	21	20	20	8	10	16	11	14	14
2024HL-00865	8	6	8	9	6	5	6	7	5	5	4	9	9	5	4	4	4	3	3	3	4	3	4	5	4	5	2	0	1	1	1	1	4	8	6	4	3	18	10	11	9	21	20	20	8	10	16	11	14	14
2024HL-00638	7	5	7	8	5	4	5	6	4	4	3	8	8	4	3	3	3	2	2	2	3	2	3	4	3	4	1	1	0	0	0	0	3	7	5	3	2	17	9	10	8	20	19	19	7	9	15	10	13	13
2024HL-01251	7	5	7	8	5	4	5	6	4	4	3	8	8	4	3	3	3	2	2	2	3	2	3	4	3	4	1	1	0	0	0	0	3	7	5	3	2	17	9	10	8	20	19	19	7	9	15	10	13	13
2024HL-01271	7	5	7	8	5	4	5	6	4	4	3	8	8	4	3	3	3	2	2	2	3	2	3	4	3	4	1	1	0	0	0	0	3	7	5	3	2	17	9	10	8	20	19	19	7	9	15	10	13	13
2025HL-01493	7	5	7	8	5	4	5	6	4	4	3	8	8	4	3	3	3	2	2	2	3	2	3	4	3	4	1	1	0	0	0	0	3	7	5	3	2	17	9	10	8	20	19	19	7	9	15	10	13	13
2024HL-00564	10	8	10	11	8	7	8	9	7	7	6	11	11	7	6	6	6	5	5	5	6	5	6	7	6	7	4	4	3	3	3	3	0	6	4	2	1	16	8	9	7	19	18	18	6	8	14	9	12	12
2024HL-00412	14	12	14	15	12	11	12	13	11	11	10	15	15	11	10	10	10	9	9	9	10	9	10	11	10	11	8	8	7	7	7	7	6	0	8	6	5	20	12	13	11	23	22	22	10	12	18	13	16	16
2024HL-01086	12	10	12	13	10	9	10	11	9	9	8	13	13	9	8	8	8	7	7	7	8	7	8	9	8	9	6	6	5	5	5	5	4	8	0	4	3	18	10	11	9	21	20	20	8	10	16	11	14	14
2024HL-00649	10	8	10	11	8	7	8	9	7	7	6	11	11	7	6	6	6	5	5	5	6	5	6	7	6	7	4	4	3	3	3	3	2	6	4	0	1	16	8	9	7	19	18	18	6	8	14	9	12	12
2024HL-00639	9	7	9	10	7	6	7	8	6	6	5	10	10	6	5	5	5	4	4	4	5	4	5	6	5	6	3	3	2	2	2	2	1	5	3	1	0	15	7	8	6	18	17	17	5	7	13	8	11	11
2024HL-01118	24	22	24	25	22	21	22	23	21	21	20	25	25	21	20	20	20	19	19	19	20	19	20	21	20	21	18	18	17	17	17	17	16	20	18	16	15	0	8	21	19	31	30	30	18	20	26	21	24	24
2024HL-00594	16	14	16	17	14	13	14	15	13	13	12	17	17	13	12	12	12	11	11	11	12	11	12	13	12	13	10	10	9	9	9	9	8	12	10	8	7	8	0	13	11	23	22	22	10	12	18	13	16	16
2025HL-00027	17	15	17	18	15	14	15	16	14	14	13	18	18	14	13	13	13	12	12	12	13	12	13	14	13	14	11	11	10	10	10	10	9	13	11	9	8	21	13	0	8	24	23	23	11	13	19	14	17	17
2024HL-00668	15	13	15	16	13	12	13	14	12	12	11	16	16	12	11	11	11	10	10	10	11	10	11	12	11	12	9	9	8	8	8	8	7	11	9	7	6	19	11	8	0	22	21	21	9	11	17	12	15	15
2025HL-00037	27	25	27	28	25	24	25	26	24	24	23	28	28	24	23	23	23	22	22	22	23	22	23	24	23	24	21	21	20	20	20	20	19	23	21	19	18	31	23	24	22	0	9	25	13	19	25	20	23	23
2025HL-01510	26	24	26	27	24	23	24	25	23	23	22	27	27	23	22	22	22	21	21	21	22	21	22	23	22	23	20	20	19	19	19	19	18	22	20	18	17	30	22	23	21	9	0	24	12	18	24	19	22	22
2025HL-00021	26	24	26	27	24	23	24	25	23	23	22	27	27	23	22	22	22	21	21	21	22	21	22	23	22	23	20	20	19	19	19	19	18	22	20	18	17	30	22	23	21	25	24	0	12	18	24	19	22	22
2024HL-01043	14	12	14	15	12	11	12	13	11	11	10	15	15	11	10	10	10	9	9	9	10	9	10	11	10	11	8	8	7	7	7	7	6	10	8	6	5	18	10	11	9	13	12	12	0	6	12	7	10	10
2024HL-00795	16	14	16	17	14	13	14	15	13	13	12	17	17	13	12	12	12	11	11	11	12	11	12	13	12	13	10	10	9	9	9	9	8	12	10	8	7	20	12	13	11	19	18	18	6	0	8	5	10	10
2024HL-00740	22	20	22	23	20	19	20	21	19	19	18	23	23	19	18	18	18	17	17	17	18	17	18	19	18	19	16	16	15	15	15	15	14	18	16	14	13	26	18	19	17	25	24	24	12	8	0	11	16	16
2024HL-00722	17	15	17	18	15	14	15	16	14	14	13	18	18	14	13	13	13	12	12	12	13	12	13	14	13	14	11	11	10	10	10	10	9	13	11	9	8	21	13	14	12	20	19	19	7	5	11	0	11	11
2024HL-01424	20	18	20	21	18	17	18	19	17	17	16	21	21	17	16	16	16	15	15	15	16	15	16	17	16	17	14	14	13	13	13	13	12	16	14	12	11	24	16	17	15	23	22	22	10	10	16	11	0	14
2024HL-00432	20	18	20	21	18	17	18	19	17	17	16	21	21	17	16	16	16	15	15	15	16	15	16	17	16	17	14	14	13	13	13	13	12	16	14	12	11	24	16	17	15	23	22	22	10	10	16	11	14	0
