HAI_WGS_ID	2024HL-01423	2024HL-01450	2025HL-00123	2024HL-01299	2024HL-01410	2024HL-01041	2024HL-01096	2025HL-01475	2024HL-01457	2024HL-01458	2024HL-01000	2025HL-00028	2024HL-01193	2025HL-00136	2024HL-01250	2025HL-00137	2025HL-01476	2025HL-01474	2025HL-00121	2025HL-00135	2024HL-01112	2024HL-01044	2024HL-01425	2024HL-01412	2024HL-01198	2024HL-00989	2024HL-00792	2024HL-00865	2024HL-00638	2024HL-01251	2024HL-01271	2025HL-01493	2024HL-00564	2024HL-00412	2024HL-01086	2024HL-00649	2024HL-00639	2024HL-01118	2024HL-00594	2025HL-00027	2024HL-00668	2025HL-00037	2025HL-01510	2025HL-00021	2024HL-01043	2024HL-00795	2024HL-00740	2024HL-00722	2024HL-01424	2024LN-00887;2024LN-00887/2024	2024LN-00977;2024LN-00977/2024	2024LN-00294;2024LN-00294/2024	2024LN-00884;2024LN-00884/2024	2024LN-00139;2024LN-00139/2024	2024LN-01384;2024LN-01384/2025	2024LN-00733;2024LN-00733/2024	2024LN-00521;2024LN-00521/2024	2024LN-00514;2024LN-00514/2024	2024LN-00393;2024LN-00393/2024	2024LN-00353;2024LN-00353/2024	2023LN-00745	2024BB-00169	2023LN-00430	2023LN-00480	2024LN-00786;2024LN-00786/2024	2024LN-00674;2024LN-00674/2024	2024LN-00790;2024LN-00790/2024	2024LN-00568;2024LN-00568/2024	2024LN-00658;2024LN-00658/2024	2024QW-00243	2024LN-00547;2024LN-00547/2024	2024LN-00601;2024LN-00601/2024	2024LN-00577;2024LN-00577/2024	2024LN-00624;2024LN-00624/2024	2023LN-00368	2023LN-00602	2024LN-00876;2024LN-00876/2024	2024LN-00126;2024LN-00126/2024	2024LN-00144;2024LN-00144/2024	2023LN-00787	2023LN-00736	2023LN-00748	2023LN-00592	2024LN-00314;2024LN-00314/2024	2023LN-00345	2024LN-00936;2024LN-00936/2024	2025LN-00046;2025LN-00046/2025	2024LN-00849;2024LN-00849/2024	2024LN-00012/2024	2024CK-01783	2024CK-01788	2024CK-01787	2024HL-00643	2024HL-00432	2024LN-00494;2024LN-00494/2024	2024LN-01051;2024LN-01051/2024	2024LN-01030;2024LN-01030/2024	2024LN-01365;2024LN-01365/2025	2023LN-00518	2023LN-00799
2024HL-01423	0	2	6	7	4	3	6	7	5	5	4	11	11	7	6	6	6	5	5	5	10	9	10	11	10	11	8	8	7	7	7	7	10	14	12	10	9	24	16	17	15	27	26	26	14	16	22	17	20	30	29	27	28	27	32	28	27	30	31	26	33	26	22	19	23	22	20	19	19	25	24	24	30	22	20	18	36	30	30	30	28	27	25	23	21	30	30	29	29	31	29	29	22	20	19	30	24	21	16	16
2024HL-01450	2	0	4	5	2	1	4	5	3	3	2	9	9	5	4	4	4	3	3	3	8	7	8	9	8	9	6	6	5	5	5	5	8	12	10	8	7	22	14	15	13	25	24	24	12	14	20	15	18	28	27	25	26	25	30	26	25	28	29	24	31	24	20	17	21	20	18	17	17	23	22	22	28	20	18	16	34	28	28	28	26	25	23	21	19	28	28	27	27	29	27	27	20	18	17	28	22	19	14	14
2025HL-00123	6	4	0	7	4	3	6	7	5	5	4	11	11	7	6	6	6	5	5	5	10	9	10	11	10	11	8	8	7	7	7	7	10	14	12	10	9	24	16	17	15	27	26	26	14	16	22	17	20	30	29	27	28	27	32	28	27	30	31	26	33	26	22	19	23	22	20	19	19	25	24	24	30	22	20	18	36	30	30	30	28	27	25	23	21	30	30	29	29	31	29	29	22	20	19	30	24	21	16	16
2024HL-01299	7	5	7	0	5	4	7	8	6	6	5	12	12	8	7	7	7	6	6	6	11	10	11	12	11	12	9	9	8	8	8	8	11	15	13	11	10	25	17	18	16	28	27	27	15	17	23	18	21	31	30	28	29	28	33	29	28	31	32	27	34	27	23	20	24	23	21	20	20	26	25	25	31	23	21	19	37	31	31	31	29	28	26	24	22	31	31	30	30	32	30	30	23	21	20	31	25	22	17	17
2024HL-01410	4	2	4	5	0	1	4	5	3	3	2	9	9	5	4	4	4	3	3	3	8	7	8	9	8	9	6	6	5	5	5	5	8	12	10	8	7	22	14	15	13	25	24	24	12	14	20	15	18	28	27	25	26	25	30	26	25	28	29	24	31	24	20	17	21	20	18	17	17	23	22	22	28	20	18	16	34	28	28	28	26	25	23	21	19	28	28	27	27	29	27	27	20	18	17	28	22	19	14	14
2024HL-01041	3	1	3	4	1	0	3	4	2	2	1	8	8	4	3	3	3	2	2	2	7	6	7	8	7	8	5	5	4	4	4	4	7	11	9	7	6	21	13	14	12	24	23	23	11	13	19	14	17	27	26	24	25	24	29	25	24	27	28	23	30	23	19	16	20	19	17	16	16	22	21	21	27	19	17	15	33	27	27	27	25	24	22	20	18	27	27	26	26	28	26	26	19	17	16	27	21	18	13	13
2024HL-01096	6	4	6	7	4	3	0	5	3	3	2	9	9	5	4	4	4	3	3	3	8	7	8	9	8	9	6	6	5	5	5	5	8	12	10	8	7	22	14	15	13	25	24	24	12	14	20	15	18	28	27	25	26	25	30	26	25	28	29	24	31	24	20	17	21	20	18	17	17	23	22	22	28	20	18	16	34	28	28	28	26	25	23	21	19	28	28	27	27	29	27	27	20	18	17	28	22	19	14	14
2025HL-01475	7	5	7	8	5	4	5	0	4	4	3	10	10	6	5	5	5	4	4	4	9	8	9	10	9	10	7	7	6	6	6	6	9	13	11	9	8	23	15	16	14	26	25	25	13	15	21	16	19	29	28	26	27	26	31	27	26	29	30	25	32	25	21	18	22	21	19	18	18	24	23	23	29	21	19	17	35	29	29	29	27	26	24	22	20	29	29	28	28	30	28	28	21	19	18	29	23	20	15	15
2024HL-01457	5	3	5	6	3	2	3	4	0	2	1	8	8	4	3	3	3	2	2	2	7	6	7	8	7	8	5	5	4	4	4	4	7	11	9	7	6	21	13	14	12	24	23	23	11	13	19	14	17	27	26	24	25	24	29	25	24	27	28	23	30	23	19	16	20	19	17	16	16	22	21	21	27	19	17	15	33	27	27	27	25	24	22	20	18	27	27	26	26	28	26	26	19	17	16	27	21	18	13	13
2024HL-01458	5	3	5	6	3	2	3	4	2	0	1	8	8	4	3	3	3	2	2	2	7	6	7	8	7	8	5	5	4	4	4	4	7	11	9	7	6	21	13	14	12	24	23	23	11	13	19	14	17	27	26	24	25	24	29	25	24	27	28	23	30	23	19	16	20	19	17	16	16	22	21	21	27	19	17	15	33	27	27	27	25	24	22	20	18	27	27	26	26	28	26	26	19	17	16	27	21	18	13	13
2024HL-01000	4	2	4	5	2	1	2	3	1	1	0	7	7	3	2	2	2	1	1	1	6	5	6	7	6	7	4	4	3	3	3	3	6	10	8	6	5	20	12	13	11	23	22	22	10	12	18	13	16	26	25	23	24	23	28	24	23	26	27	22	29	22	18	15	19	18	16	15	15	21	20	20	26	18	16	14	32	26	26	26	24	23	21	19	17	26	26	25	25	27	25	25	18	16	15	26	20	17	12	12
2025HL-00028	11	9	11	12	9	8	9	10	8	8	7	0	2	8	7	7	7	6	6	6	11	10	11	12	11	12	9	9	8	8	8	8	11	15	13	11	10	25	17	18	16	28	27	27	15	17	23	18	21	31	30	28	29	28	33	29	28	31	32	27	34	27	23	20	24	23	21	20	20	26	25	25	31	23	21	19	37	31	31	31	29	28	26	24	22	31	31	30	30	32	30	30	23	21	20	31	25	22	17	17
2024HL-01193	11	9	11	12	9	8	9	10	8	8	7	2	0	8	7	7	7	6	6	6	11	10	11	12	11	12	9	9	8	8	8	8	11	15	13	11	10	25	17	18	16	28	27	27	15	17	23	18	21	31	30	28	29	28	33	29	28	31	32	27	34	27	23	20	24	23	21	20	20	26	25	25	31	23	21	19	37	31	31	31	29	28	26	24	22	31	31	30	30	32	30	30	23	21	20	31	25	22	17	17
2025HL-00136	7	5	7	8	5	4	5	6	4	4	3	8	8	0	3	3	3	2	2	2	7	6	7	8	7	8	5	5	4	4	4	4	7	11	9	7	6	21	13	14	12	24	23	23	11	13	19	14	17	27	26	24	25	24	29	25	24	27	28	23	30	23	19	16	20	19	17	16	16	22	21	21	27	19	17	15	33	27	27	27	25	24	22	20	18	27	27	26	26	28	26	26	19	17	16	27	21	18	13	13
2024HL-01250	6	4	6	7	4	3	4	5	3	3	2	7	7	3	0	2	2	1	1	1	6	5	6	7	6	7	4	4	3	3	3	3	6	10	8	6	5	20	12	13	11	23	22	22	10	12	18	13	16	26	25	23	24	23	28	24	23	26	27	22	29	22	18	15	19	18	16	15	15	21	20	20	26	18	16	14	32	26	26	26	24	23	21	19	17	26	26	25	25	27	25	25	18	16	15	26	20	17	12	12
2025HL-00137	6	4	6	7	4	3	4	5	3	3	2	7	7	3	2	0	2	1	1	1	6	5	6	7	6	7	4	4	3	3	3	3	6	10	8	6	5	20	12	13	11	23	22	22	10	12	18	13	16	26	25	23	24	23	28	24	23	26	27	22	29	22	18	15	19	18	16	15	15	21	20	20	26	18	16	14	32	26	26	26	24	23	21	19	17	26	26	25	25	27	25	25	18	16	15	26	20	17	12	12
2025HL-01476	6	4	6	7	4	3	4	5	3	3	2	7	7	3	2	2	0	1	1	1	6	5	6	7	6	7	4	4	3	3	3	3	6	10	8	6	5	20	12	13	11	23	22	22	10	12	18	13	16	26	25	23	24	23	28	24	23	26	27	22	29	22	18	15	19	18	16	15	15	21	20	20	26	18	16	14	32	26	26	26	24	23	21	19	17	26	26	25	25	27	25	25	18	16	15	26	20	17	12	12
2025HL-01474	5	3	5	6	3	2	3	4	2	2	1	6	6	2	1	1	1	0	0	0	5	4	5	6	5	6	3	3	2	2	2	2	5	9	7	5	4	19	11	12	10	22	21	21	9	11	17	12	15	25	24	22	23	22	27	23	22	25	26	21	28	21	17	14	18	17	15	14	14	20	19	19	25	17	15	13	31	25	25	25	23	22	20	18	16	25	25	24	24	26	24	24	17	15	14	25	19	16	11	11
2025HL-00121	5	3	5	6	3	2	3	4	2	2	1	6	6	2	1	1	1	0	0	0	5	4	5	6	5	6	3	3	2	2	2	2	5	9	7	5	4	19	11	12	10	22	21	21	9	11	17	12	15	25	24	22	23	22	27	23	22	25	26	21	28	21	17	14	18	17	15	14	14	20	19	19	25	17	15	13	31	25	25	25	23	22	20	18	16	25	25	24	24	26	24	24	17	15	14	25	19	16	11	11
2025HL-00135	5	3	5	6	3	2	3	4	2	2	1	6	6	2	1	1	1	0	0	0	5	4	5	6	5	6	3	3	2	2	2	2	5	9	7	5	4	19	11	12	10	22	21	21	9	11	17	12	15	25	24	22	23	22	27	23	22	25	26	21	28	21	17	14	18	17	15	14	14	20	19	19	25	17	15	13	31	25	25	25	23	22	20	18	16	25	25	24	24	26	24	24	17	15	14	25	19	16	11	11
2024HL-01112	10	8	10	11	8	7	8	9	7	7	6	11	11	7	6	6	6	5	5	5	0	1	6	7	6	7	4	4	3	3	3	3	6	10	8	6	5	20	12	13	11	23	22	22	10	12	18	13	16	26	25	23	24	23	28	24	23	26	27	22	29	22	18	15	19	18	16	15	15	21	20	20	26	18	16	14	32	26	26	26	24	23	21	19	17	26	26	25	25	27	25	25	18	16	15	26	20	17	12	12
2024HL-01044	9	7	9	10	7	6	7	8	6	6	5	10	10	6	5	5	5	4	4	4	1	0	5	6	5	6	3	3	2	2	2	2	5	9	7	5	4	19	11	12	10	22	21	21	9	11	17	12	15	25	24	22	23	22	27	23	22	25	26	21	28	21	17	14	18	17	15	14	14	20	19	19	25	17	15	13	31	25	25	25	23	22	20	18	16	25	25	24	24	26	24	24	17	15	14	25	19	16	11	11
2024HL-01425	10	8	10	11	8	7	8	9	7	7	6	11	11	7	6	6	6	5	5	5	6	5	0	5	6	7	4	4	3	3	3	3	6	10	8	6	5	20	12	13	11	23	22	22	10	12	18	13	16	26	25	23	24	23	28	24	23	26	27	22	29	22	18	15	19	18	16	15	15	21	20	20	26	18	16	14	32	26	26	26	24	23	21	19	17	26	26	25	25	27	25	25	18	16	15	26	20	17	12	12
2024HL-01412	11	9	11	12	9	8	9	10	8	8	7	12	12	8	7	7	7	6	6	6	7	6	5	0	7	8	5	5	4	4	4	4	7	11	9	7	6	21	13	14	12	24	23	23	11	13	19	14	17	27	26	24	25	24	29	25	24	27	28	23	30	23	19	16	20	19	17	16	16	22	21	21	27	19	17	15	33	27	27	27	25	24	22	20	18	27	27	26	26	28	26	26	19	17	16	27	21	18	13	13
2024HL-01198	10	8	10	11	8	7	8	9	7	7	6	11	11	7	6	6	6	5	5	5	6	5	6	7	0	7	4	4	3	3	3	3	6	10	8	6	5	20	12	13	11	23	22	22	10	12	18	13	16	26	25	23	24	23	28	24	23	26	27	22	29	22	18	15	19	18	16	15	15	21	20	20	26	18	16	14	32	26	26	26	24	23	21	19	17	26	26	25	25	27	25	25	18	16	15	26	20	17	12	12
2024HL-00989	11	9	11	12	9	8	9	10	8	8	7	12	12	8	7	7	7	6	6	6	7	6	7	8	7	0	5	5	4	4	4	4	7	11	9	7	6	21	13	14	12	24	23	23	11	13	19	14	17	27	26	24	25	24	29	25	24	27	28	23	30	23	19	16	20	19	17	16	16	22	21	21	27	19	17	15	33	27	27	27	25	24	22	20	18	27	27	26	26	28	26	26	19	17	16	27	21	18	13	13
2024HL-00792	8	6	8	9	6	5	6	7	5	5	4	9	9	5	4	4	4	3	3	3	4	3	4	5	4	5	0	2	1	1	1	1	4	8	6	4	3	18	10	11	9	21	20	20	8	10	16	11	14	24	23	21	22	21	26	22	21	24	25	20	27	20	16	13	17	16	14	13	13	19	18	18	24	16	14	12	30	24	24	24	22	21	19	17	15	24	24	23	23	25	23	23	16	14	13	24	18	15	10	10
2024HL-00865	8	6	8	9	6	5	6	7	5	5	4	9	9	5	4	4	4	3	3	3	4	3	4	5	4	5	2	0	1	1	1	1	4	8	6	4	3	18	10	11	9	21	20	20	8	10	16	11	14	24	23	21	22	21	26	22	21	24	25	20	27	20	16	13	17	16	14	13	13	19	18	18	24	16	14	12	30	24	24	24	22	21	19	17	15	24	24	23	23	25	23	23	16	14	13	24	18	15	10	10
2024HL-00638	7	5	7	8	5	4	5	6	4	4	3	8	8	4	3	3	3	2	2	2	3	2	3	4	3	4	1	1	0	0	0	0	3	7	5	3	2	17	9	10	8	20	19	19	7	9	15	10	13	23	22	20	21	20	25	21	20	23	24	19	26	19	15	12	16	15	13	12	12	18	17	17	23	15	13	11	29	23	23	23	21	20	18	16	14	23	23	22	22	24	22	22	15	13	12	23	17	14	9	9
2024HL-01251	7	5	7	8	5	4	5	6	4	4	3	8	8	4	3	3	3	2	2	2	3	2	3	4	3	4	1	1	0	0	0	0	3	7	5	3	2	17	9	10	8	20	19	19	7	9	15	10	13	23	22	20	21	20	25	21	20	23	24	19	26	19	15	12	16	15	13	12	12	18	17	17	23	15	13	11	29	23	23	23	21	20	18	16	14	23	23	22	22	24	22	22	15	13	12	23	17	14	9	9
2024HL-01271	7	5	7	8	5	4	5	6	4	4	3	8	8	4	3	3	3	2	2	2	3	2	3	4	3	4	1	1	0	0	0	0	3	7	5	3	2	17	9	10	8	20	19	19	7	9	15	10	13	23	22	20	21	20	25	21	20	23	24	19	26	19	15	12	16	15	13	12	12	18	17	17	23	15	13	11	29	23	23	23	21	20	18	16	14	23	23	22	22	24	22	22	15	13	12	23	17	14	9	9
2025HL-01493	7	5	7	8	5	4	5	6	4	4	3	8	8	4	3	3	3	2	2	2	3	2	3	4	3	4	1	1	0	0	0	0	3	7	5	3	2	17	9	10	8	20	19	19	7	9	15	10	13	23	22	20	21	20	25	21	20	23	24	19	26	19	15	12	16	15	13	12	12	18	17	17	23	15	13	11	29	23	23	23	21	20	18	16	14	23	23	22	22	24	22	22	15	13	12	23	17	14	9	9
2024HL-00564	10	8	10	11	8	7	8	9	7	7	6	11	11	7	6	6	6	5	5	5	6	5	6	7	6	7	4	4	3	3	3	3	0	6	4	2	1	16	8	9	7	19	18	18	6	8	14	9	12	22	21	19	20	19	24	20	19	22	23	18	25	18	14	11	15	14	12	11	11	17	16	16	22	14	12	10	28	22	22	22	20	19	17	15	13	22	22	21	21	23	21	21	14	12	11	22	16	13	8	8
2024HL-00412	14	12	14	15	12	11	12	13	11	11	10	15	15	11	10	10	10	9	9	9	10	9	10	11	10	11	8	8	7	7	7	7	6	0	8	6	5	20	12	13	11	23	22	22	10	12	18	13	16	26	25	23	24	23	28	24	23	26	27	22	29	22	18	15	19	18	16	15	15	21	20	20	26	18	16	14	32	26	26	26	24	23	21	19	17	26	26	25	25	27	25	25	18	16	15	26	20	17	12	12
2024HL-01086	12	10	12	13	10	9	10	11	9	9	8	13	13	9	8	8	8	7	7	7	8	7	8	9	8	9	6	6	5	5	5	5	4	8	0	4	3	18	10	11	9	21	20	20	8	10	16	11	14	24	23	21	22	21	26	22	21	24	25	20	27	20	16	13	17	16	14	13	13	19	18	18	24	16	14	12	30	24	24	24	22	21	19	17	15	24	24	23	23	25	23	23	16	14	13	24	18	15	10	10
2024HL-00649	10	8	10	11	8	7	8	9	7	7	6	11	11	7	6	6	6	5	5	5	6	5	6	7	6	7	4	4	3	3	3	3	2	6	4	0	1	16	8	9	7	19	18	18	6	8	14	9	12	22	21	19	20	19	24	20	19	22	23	18	25	18	14	11	15	14	12	11	11	17	16	16	22	14	12	10	28	22	22	22	20	19	17	15	13	22	22	21	21	23	21	21	14	12	11	22	16	13	8	8
2024HL-00639	9	7	9	10	7	6	7	8	6	6	5	10	10	6	5	5	5	4	4	4	5	4	5	6	5	6	3	3	2	2	2	2	1	5	3	1	0	15	7	8	6	18	17	17	5	7	13	8	11	21	20	18	19	18	23	19	18	21	22	17	24	17	13	10	14	13	11	10	10	16	15	15	21	13	11	9	27	21	21	21	19	18	16	14	12	21	21	20	20	22	20	20	13	11	10	21	15	12	7	7
2024HL-01118	24	22	24	25	22	21	22	23	21	21	20	25	25	21	20	20	20	19	19	19	20	19	20	21	20	21	18	18	17	17	17	17	16	20	18	16	15	0	8	21	19	31	30	30	18	20	26	21	24	34	33	31	32	31	36	32	31	34	35	30	37	30	26	23	27	26	24	23	23	29	28	28	34	26	24	22	40	34	34	34	32	31	29	27	25	34	34	33	33	35	33	33	26	24	23	34	28	25	20	20
2024HL-00594	16	14	16	17	14	13	14	15	13	13	12	17	17	13	12	12	12	11	11	11	12	11	12	13	12	13	10	10	9	9	9	9	8	12	10	8	7	8	0	13	11	23	22	22	10	12	18	13	16	26	25	23	24	23	28	24	23	26	27	22	29	22	18	15	19	18	16	15	15	21	20	20	26	18	16	14	32	26	26	26	24	23	21	19	17	26	26	25	25	27	25	25	18	16	15	26	20	17	12	12
2025HL-00027	17	15	17	18	15	14	15	16	14	14	13	18	18	14	13	13	13	12	12	12	13	12	13	14	13	14	11	11	10	10	10	10	9	13	11	9	8	21	13	0	8	24	23	23	11	13	19	14	17	27	26	24	25	24	29	25	24	27	28	23	30	23	19	16	20	19	17	16	16	22	21	21	27	19	17	15	33	27	27	27	25	24	22	20	18	27	27	26	26	28	26	26	19	17	16	27	21	18	13	13
2024HL-00668	15	13	15	16	13	12	13	14	12	12	11	16	16	12	11	11	11	10	10	10	11	10	11	12	11	12	9	9	8	8	8	8	7	11	9	7	6	19	11	8	0	22	21	21	9	11	17	12	15	25	24	22	23	22	27	23	22	25	26	21	28	21	17	14	18	17	15	14	14	20	19	19	25	17	15	13	31	25	25	25	23	22	20	18	16	25	25	24	24	26	24	24	17	15	14	25	19	16	11	11
2025HL-00037	27	25	27	28	25	24	25	26	24	24	23	28	28	24	23	23	23	22	22	22	23	22	23	24	23	24	21	21	20	20	20	20	19	23	21	19	18	31	23	24	22	0	9	25	13	19	25	20	23	33	32	30	31	30	35	31	30	33	34	29	36	29	25	22	26	25	23	22	22	28	27	27	33	25	23	21	39	33	33	33	31	30	28	26	24	33	33	32	32	34	32	32	25	23	22	33	27	24	19	19
2025HL-01510	26	24	26	27	24	23	24	25	23	23	22	27	27	23	22	22	22	21	21	21	22	21	22	23	22	23	20	20	19	19	19	19	18	22	20	18	17	30	22	23	21	9	0	24	12	18	24	19	22	32	31	29	30	29	34	30	29	32	33	28	35	28	24	21	25	24	22	21	21	27	26	26	32	24	22	20	38	32	32	32	30	29	27	25	23	32	32	31	31	33	31	31	24	22	21	32	26	23	18	18
2025HL-00021	26	24	26	27	24	23	24	25	23	23	22	27	27	23	22	22	22	21	21	21	22	21	22	23	22	23	20	20	19	19	19	19	18	22	20	18	17	30	22	23	21	25	24	0	12	18	24	19	22	32	31	29	30	29	34	30	29	32	33	28	35	28	24	21	25	24	22	21	21	27	26	26	32	24	22	20	38	32	32	32	30	29	27	25	23	32	32	31	31	33	31	31	24	22	21	32	26	23	18	18
2024HL-01043	14	12	14	15	12	11	12	13	11	11	10	15	15	11	10	10	10	9	9	9	10	9	10	11	10	11	8	8	7	7	7	7	6	10	8	6	5	18	10	11	9	13	12	12	0	6	12	7	10	20	19	17	18	17	22	18	17	20	21	16	23	16	12	9	13	12	10	9	9	15	14	14	20	12	10	8	26	20	20	20	18	17	15	13	11	20	20	19	19	21	19	19	12	10	9	20	14	11	6	6
2024HL-00795	16	14	16	17	14	13	14	15	13	13	12	17	17	13	12	12	12	11	11	11	12	11	12	13	12	13	10	10	9	9	9	9	8	12	10	8	7	20	12	13	11	19	18	18	6	0	8	5	10	20	19	17	18	17	22	18	17	20	21	16	23	16	12	9	13	12	10	9	9	15	14	14	20	12	10	8	26	20	20	20	18	17	15	13	11	20	20	19	19	21	19	19	12	10	9	20	14	11	6	6
2024HL-00740	22	20	22	23	20	19	20	21	19	19	18	23	23	19	18	18	18	17	17	17	18	17	18	19	18	19	16	16	15	15	15	15	14	18	16	14	13	26	18	19	17	25	24	24	12	8	0	11	16	26	25	23	24	23	28	24	23	26	27	22	29	22	18	15	19	18	16	15	15	21	20	20	26	18	16	14	32	26	26	26	24	23	21	19	17	26	26	25	25	27	25	25	18	16	15	26	20	17	12	12
2024HL-00722	17	15	17	18	15	14	15	16	14	14	13	18	18	14	13	13	13	12	12	12	13	12	13	14	13	14	11	11	10	10	10	10	9	13	11	9	8	21	13	14	12	20	19	19	7	5	11	0	11	21	20	18	19	18	23	19	18	21	22	17	24	17	13	10	14	13	11	10	10	16	15	15	21	13	11	9	27	21	21	21	19	18	16	14	12	21	21	20	20	22	20	20	13	11	10	21	15	12	7	7
2024HL-01424	20	18	20	21	18	17	18	19	17	17	16	21	21	17	16	16	16	15	15	15	16	15	16	17	16	17	14	14	13	13	13	13	12	16	14	12	11	24	16	17	15	23	22	22	10	10	16	11	0	24	23	21	22	21	26	22	21	24	25	20	27	20	16	13	17	16	14	13	13	19	18	18	24	16	14	12	30	24	24	24	22	21	19	17	15	24	24	23	23	25	23	23	16	14	13	24	18	15	10	10
2024LN-00887;2024LN-00887/2024	30	28	30	31	28	27	28	29	27	27	26	31	31	27	26	26	26	25	25	25	26	25	26	27	26	27	24	24	23	23	23	23	22	26	24	22	21	34	26	27	25	33	32	32	20	20	26	21	24	0	1	7	8	11	18	14	15	26	27	22	29	22	18	15	21	20	18	17	17	23	22	22	28	20	18	16	34	28	28	28	26	25	23	21	19	28	28	27	27	29	27	27	20	18	17	28	22	19	14	14
2024LN-00977;2024LN-00977/2024	29	27	29	30	27	26	27	28	26	26	25	30	30	26	25	25	25	24	24	24	25	24	25	26	25	26	23	23	22	22	22	22	21	25	23	21	20	33	25	26	24	32	31	31	19	19	25	20	23	1	0	6	7	10	17	13	14	25	26	21	28	21	17	14	20	19	17	16	16	22	21	21	27	19	17	15	33	27	27	27	25	24	22	20	18	27	27	26	26	28	26	26	19	17	16	27	21	18	13	13
2024LN-00294;2024LN-00294/2024	27	25	27	28	25	24	25	26	24	24	23	28	28	24	23	23	23	22	22	22	23	22	23	24	23	24	21	21	20	20	20	20	19	23	21	19	18	31	23	24	22	30	29	29	17	17	23	18	21	7	6	0	5	8	15	11	12	23	24	19	26	19	15	12	18	17	15	14	14	20	19	19	25	17	15	13	31	25	25	25	23	22	20	18	16	25	25	24	24	26	24	24	17	15	14	25	19	16	11	11
2024LN-00884;2024LN-00884/2024	28	26	28	29	26	25	26	27	25	25	24	29	29	25	24	24	24	23	23	23	24	23	24	25	24	25	22	22	21	21	21	21	20	24	22	20	19	32	24	25	23	31	30	30	18	18	24	19	22	8	7	5	0	9	16	12	13	24	25	20	27	20	16	13	19	18	16	15	15	21	20	20	26	18	16	14	32	26	26	26	24	23	21	19	17	26	26	25	25	27	25	25	18	16	15	26	20	17	12	12
2024LN-00139;2024LN-00139/2024	27	25	27	28	25	24	25	26	24	24	23	28	28	24	23	23	23	22	22	22	23	22	23	24	23	24	21	21	20	20	20	20	19	23	21	19	18	31	23	24	22	30	29	29	17	17	23	18	21	11	10	8	9	0	15	11	12	23	24	19	26	19	15	12	18	17	15	14	14	20	19	19	25	17	15	13	31	25	25	25	23	22	20	18	16	25	25	24	24	26	24	24	17	15	14	25	19	16	11	11
2024LN-01384;2024LN-01384/2025	32	30	32	33	30	29	30	31	29	29	28	33	33	29	28	28	28	27	27	27	28	27	28	29	28	29	26	26	25	25	25	25	24	28	26	24	23	36	28	29	27	35	34	34	22	22	28	23	26	18	17	15	16	15	0	16	17	28	29	24	31	24	20	17	23	22	20	19	19	25	24	24	30	22	20	18	36	30	30	30	28	27	25	23	21	30	30	29	29	31	29	29	22	20	19	30	24	21	16	16
2024LN-00733;2024LN-00733/2024	28	26	28	29	26	25	26	27	25	25	24	29	29	25	24	24	24	23	23	23	24	23	24	25	24	25	22	22	21	21	21	21	20	24	22	20	19	32	24	25	23	31	30	30	18	18	24	19	22	14	13	11	12	11	16	0	13	24	25	20	27	20	16	13	19	18	16	15	15	21	20	20	26	18	16	14	32	26	26	26	24	23	21	19	17	26	26	25	25	27	25	25	18	16	15	26	20	17	12	12
2024LN-00521;2024LN-00521/2024	27	25	27	28	25	24	25	26	24	24	23	28	28	24	23	23	23	22	22	22	23	22	23	24	23	24	21	21	20	20	20	20	19	23	21	19	18	31	23	24	22	30	29	29	17	17	23	18	21	15	14	12	13	12	17	13	0	23	24	19	26	19	15	12	18	17	15	14	14	20	19	19	25	17	15	13	31	25	25	25	23	22	20	18	16	25	25	24	24	26	24	24	17	15	14	25	19	16	11	11
2024LN-00514;2024LN-00514/2024	30	28	30	31	28	27	28	29	27	27	26	31	31	27	26	26	26	25	25	25	26	25	26	27	26	27	24	24	23	23	23	23	22	26	24	22	21	34	26	27	25	33	32	32	20	20	26	21	24	26	25	23	24	23	28	24	23	0	13	8	17	10	18	15	21	20	18	17	17	23	22	22	28	20	18	16	34	28	28	28	26	25	23	21	19	28	28	27	27	29	27	27	20	18	17	28	22	19	14	14
2024LN-00393;2024LN-00393/2024	31	29	31	32	29	28	29	30	28	28	27	32	32	28	27	27	27	26	26	26	27	26	27	28	27	28	25	25	24	24	24	24	23	27	25	23	22	35	27	28	26	34	33	33	21	21	27	22	25	27	26	24	25	24	29	25	24	13	0	9	18	11	19	16	22	21	19	18	18	24	23	23	29	21	19	17	35	29	29	29	27	26	24	22	20	29	29	28	28	30	28	28	21	19	18	29	23	20	15	15
2024LN-00353;2024LN-00353/2024	26	24	26	27	24	23	24	25	23	23	22	27	27	23	22	22	22	21	21	21	22	21	22	23	22	23	20	20	19	19	19	19	18	22	20	18	17	30	22	23	21	29	28	28	16	16	22	17	20	22	21	19	20	19	24	20	19	8	9	0	13	6	14	11	17	16	14	13	13	19	18	18	24	16	14	12	30	24	24	24	22	21	19	17	15	24	24	23	23	25	23	23	16	14	13	24	18	15	10	10
2023LN-00745	33	31	33	34	31	30	31	32	30	30	29	34	34	30	29	29	29	28	28	28	29	28	29	30	29	30	27	27	26	26	26	26	25	29	27	25	24	37	29	30	28	36	35	35	23	23	29	24	27	29	28	26	27	26	31	27	26	17	18	13	0	13	21	18	24	23	21	20	20	26	25	25	31	23	21	19	37	31	31	31	29	28	26	24	22	31	31	30	30	32	30	30	23	21	20	31	25	22	17	17
2024BB-00169	26	24	26	27	24	23	24	25	23	23	22	27	27	23	22	22	22	21	21	21	22	21	22	23	22	23	20	20	19	19	19	19	18	22	20	18	17	30	22	23	21	29	28	28	16	16	22	17	20	22	21	19	20	19	24	20	19	10	11	6	13	0	14	11	17	16	14	13	13	19	18	18	24	16	14	12	30	24	24	24	22	21	19	17	15	24	24	23	23	25	23	23	16	14	13	24	18	15	10	10
2023LN-00430	22	20	22	23	20	19	20	21	19	19	18	23	23	19	18	18	18	17	17	17	18	17	18	19	18	19	16	16	15	15	15	15	14	18	16	14	13	26	18	19	17	25	24	24	12	12	18	13	16	18	17	15	16	15	20	16	15	18	19	14	21	14	0	7	13	12	10	9	9	15	14	14	20	12	10	8	26	20	20	20	18	17	15	13	11	20	20	19	19	21	19	19	12	10	9	20	14	11	6	6
2023LN-00480	19	17	19	20	17	16	17	18	16	16	15	20	20	16	15	15	15	14	14	14	15	14	15	16	15	16	13	13	12	12	12	12	11	15	13	11	10	23	15	16	14	22	21	21	9	9	15	10	13	15	14	12	13	12	17	13	12	15	16	11	18	11	7	0	10	9	7	6	6	12	11	11	17	9	7	5	23	17	17	17	15	14	12	10	8	17	17	16	16	18	16	16	9	7	6	17	11	8	3	3
2024LN-00786;2024LN-00786/2024	23	21	23	24	21	20	21	22	20	20	19	24	24	20	19	19	19	18	18	18	19	18	19	20	19	20	17	17	16	16	16	16	15	19	17	15	14	27	19	20	18	26	25	25	13	13	19	14	17	21	20	18	19	18	23	19	18	21	22	17	24	17	13	10	0	7	5	4	4	12	11	11	17	9	7	5	27	21	21	21	19	18	16	14	12	21	21	20	20	22	20	20	13	11	10	21	15	12	7	7
2024LN-00674;2024LN-00674/2024	22	20	22	23	20	19	20	21	19	19	18	23	23	19	18	18	18	17	17	17	18	17	18	19	18	19	16	16	15	15	15	15	14	18	16	14	13	26	18	19	17	25	24	24	12	12	18	13	16	20	19	17	18	17	22	18	17	20	21	16	23	16	12	9	7	0	4	3	3	11	10	10	16	8	6	4	26	20	20	20	18	17	15	13	11	20	20	19	19	21	19	19	12	10	9	20	14	11	6	6
2024LN-00790;2024LN-00790/2024	20	18	20	21	18	17	18	19	17	17	16	21	21	17	16	16	16	15	15	15	16	15	16	17	16	17	14	14	13	13	13	13	12	16	14	12	11	24	16	17	15	23	22	22	10	10	16	11	14	18	17	15	16	15	20	16	15	18	19	14	21	14	10	7	5	4	0	1	1	9	8	8	14	6	4	2	24	18	18	18	16	15	13	11	9	18	18	17	17	19	17	17	10	8	7	18	12	9	4	4
2024LN-00568;2024LN-00568/2024	19	17	19	20	17	16	17	18	16	16	15	20	20	16	15	15	15	14	14	14	15	14	15	16	15	16	13	13	12	12	12	12	11	15	13	11	10	23	15	16	14	22	21	21	9	9	15	10	13	17	16	14	15	14	19	15	14	17	18	13	20	13	9	6	4	3	1	0	0	8	7	7	13	5	3	1	23	17	17	17	15	14	12	10	8	17	17	16	16	18	16	16	9	7	6	17	11	8	3	3
2024LN-00658;2024LN-00658/2024	19	17	19	20	17	16	17	18	16	16	15	20	20	16	15	15	15	14	14	14	15	14	15	16	15	16	13	13	12	12	12	12	11	15	13	11	10	23	15	16	14	22	21	21	9	9	15	10	13	17	16	14	15	14	19	15	14	17	18	13	20	13	9	6	4	3	1	0	0	8	7	7	13	5	3	1	23	17	17	17	15	14	12	10	8	17	17	16	16	18	16	16	9	7	6	17	11	8	3	3
2024QW-00243	25	23	25	26	23	22	23	24	22	22	21	26	26	22	21	21	21	20	20	20	21	20	21	22	21	22	19	19	18	18	18	18	17	21	19	17	16	29	21	22	20	28	27	27	15	15	21	16	19	23	22	20	21	20	25	21	20	23	24	19	26	19	15	12	12	11	9	8	8	0	5	13	19	11	9	7	29	23	23	23	21	20	18	16	14	23	23	22	22	24	22	22	15	13	12	23	17	14	9	9
2024LN-00547;2024LN-00547/2024	24	22	24	25	22	21	22	23	21	21	20	25	25	21	20	20	20	19	19	19	20	19	20	21	20	21	18	18	17	17	17	17	16	20	18	16	15	28	20	21	19	27	26	26	14	14	20	15	18	22	21	19	20	19	24	20	19	22	23	18	25	18	14	11	11	10	8	7	7	5	0	12	18	10	8	6	28	22	22	22	20	19	17	15	13	22	22	21	21	23	21	21	14	12	11	22	16	13	8	8
2024LN-00601;2024LN-00601/2024	24	22	24	25	22	21	22	23	21	21	20	25	25	21	20	20	20	19	19	19	20	19	20	21	20	21	18	18	17	17	17	17	16	20	18	16	15	28	20	21	19	27	26	26	14	14	20	15	18	22	21	19	20	19	24	20	19	22	23	18	25	18	14	11	11	10	8	7	7	13	12	0	18	10	8	6	28	22	22	22	20	19	17	15	13	22	22	21	21	23	21	21	14	12	11	22	16	13	8	8
2024LN-00577;2024LN-00577/2024	30	28	30	31	28	27	28	29	27	27	26	31	31	27	26	26	26	25	25	25	26	25	26	27	26	27	24	24	23	23	23	23	22	26	24	22	21	34	26	27	25	33	32	32	20	20	26	21	24	28	27	25	26	25	30	26	25	28	29	24	31	24	20	17	17	16	14	13	13	19	18	18	0	16	14	12	34	28	28	28	26	25	23	21	19	28	28	27	27	29	27	27	20	18	17	28	22	19	14	14
2024LN-00624;2024LN-00624/2024	22	20	22	23	20	19	20	21	19	19	18	23	23	19	18	18	18	17	17	17	18	17	18	19	18	19	16	16	15	15	15	15	14	18	16	14	13	26	18	19	17	25	24	24	12	12	18	13	16	20	19	17	18	17	22	18	17	20	21	16	23	16	12	9	9	8	6	5	5	11	10	10	16	0	6	4	26	20	20	20	18	17	15	13	11	20	20	19	19	21	19	19	12	10	9	20	14	11	6	6
2023LN-00368	20	18	20	21	18	17	18	19	17	17	16	21	21	17	16	16	16	15	15	15	16	15	16	17	16	17	14	14	13	13	13	13	12	16	14	12	11	24	16	17	15	23	22	22	10	10	16	11	14	18	17	15	16	15	20	16	15	18	19	14	21	14	10	7	7	6	4	3	3	9	8	8	14	6	0	2	24	18	18	18	16	15	13	11	9	18	18	17	17	19	17	17	10	8	7	18	12	9	4	4
2023LN-00602	18	16	18	19	16	15	16	17	15	15	14	19	19	15	14	14	14	13	13	13	14	13	14	15	14	15	12	12	11	11	11	11	10	14	12	10	9	22	14	15	13	21	20	20	8	8	14	9	12	16	15	13	14	13	18	14	13	16	17	12	19	12	8	5	5	4	2	1	1	7	6	6	12	4	2	0	22	16	16	16	14	13	11	9	7	16	16	15	15	17	15	15	8	6	5	16	10	7	2	2
2024LN-00876;2024LN-00876/2024	36	34	36	37	34	33	34	35	33	33	32	37	37	33	32	32	32	31	31	31	32	31	32	33	32	33	30	30	29	29	29	29	28	32	30	28	27	40	32	33	31	39	38	38	26	26	32	27	30	34	33	31	32	31	36	32	31	34	35	30	37	30	26	23	27	26	24	23	23	29	28	28	34	26	24	22	0	6	6	16	14	13	11	19	23	34	34	33	33	35	33	33	26	24	23	34	28	25	20	20
2024LN-00126;2024LN-00126/2024	30	28	30	31	28	27	28	29	27	27	26	31	31	27	26	26	26	25	25	25	26	25	26	27	26	27	24	24	23	23	23	23	22	26	24	22	21	34	26	27	25	33	32	32	20	20	26	21	24	28	27	25	26	25	30	26	25	28	29	24	31	24	20	17	21	20	18	17	17	23	22	22	28	20	18	16	6	0	0	10	8	7	5	13	17	28	28	27	27	29	27	27	20	18	17	28	22	19	14	14
2024LN-00144;2024LN-00144/2024	30	28	30	31	28	27	28	29	27	27	26	31	31	27	26	26	26	25	25	25	26	25	26	27	26	27	24	24	23	23	23	23	22	26	24	22	21	34	26	27	25	33	32	32	20	20	26	21	24	28	27	25	26	25	30	26	25	28	29	24	31	24	20	17	21	20	18	17	17	23	22	22	28	20	18	16	6	0	0	10	8	7	5	13	17	28	28	27	27	29	27	27	20	18	17	28	22	19	14	14
2023LN-00787	30	28	30	31	28	27	28	29	27	27	26	31	31	27	26	26	26	25	25	25	26	25	26	27	26	27	24	24	23	23	23	23	22	26	24	22	21	34	26	27	25	33	32	32	20	20	26	21	24	28	27	25	26	25	30	26	25	28	29	24	31	24	20	17	21	20	18	17	17	23	22	22	28	20	18	16	16	10	10	0	4	7	5	13	17	28	28	27	27	29	27	27	20	18	17	28	22	19	14	14
2023LN-00736	28	26	28	29	26	25	26	27	25	25	24	29	29	25	24	24	24	23	23	23	24	23	24	25	24	25	22	22	21	21	21	21	20	24	22	20	19	32	24	25	23	31	30	30	18	18	24	19	22	26	25	23	24	23	28	24	23	26	27	22	29	22	18	15	19	18	16	15	15	21	20	20	26	18	16	14	14	8	8	4	0	5	3	11	15	26	26	25	25	27	25	25	18	16	15	26	20	17	12	12
2023LN-00748	27	25	27	28	25	24	25	26	24	24	23	28	28	24	23	23	23	22	22	22	23	22	23	24	23	24	21	21	20	20	20	20	19	23	21	19	18	31	23	24	22	30	29	29	17	17	23	18	21	25	24	22	23	22	27	23	22	25	26	21	28	21	17	14	18	17	15	14	14	20	19	19	25	17	15	13	13	7	7	7	5	0	2	10	14	25	25	24	24	26	24	24	17	15	14	25	19	16	11	11
2023LN-00592	25	23	25	26	23	22	23	24	22	22	21	26	26	22	21	21	21	20	20	20	21	20	21	22	21	22	19	19	18	18	18	18	17	21	19	17	16	29	21	22	20	28	27	27	15	15	21	16	19	23	22	20	21	20	25	21	20	23	24	19	26	19	15	12	16	15	13	12	12	18	17	17	23	15	13	11	11	5	5	5	3	2	0	8	12	23	23	22	22	24	22	22	15	13	12	23	17	14	9	9
2024LN-00314;2024LN-00314/2024	23	21	23	24	21	20	21	22	20	20	19	24	24	20	19	19	19	18	18	18	19	18	19	20	19	20	17	17	16	16	16	16	15	19	17	15	14	27	19	20	18	26	25	25	13	13	19	14	17	21	20	18	19	18	23	19	18	21	22	17	24	17	13	10	14	13	11	10	10	16	15	15	21	13	11	9	19	13	13	13	11	10	8	0	10	21	21	20	20	22	20	20	13	11	10	21	15	12	7	7
2023LN-00345	21	19	21	22	19	18	19	20	18	18	17	22	22	18	17	17	17	16	16	16	17	16	17	18	17	18	15	15	14	14	14	14	13	17	15	13	12	25	17	18	16	24	23	23	11	11	17	12	15	19	18	16	17	16	21	17	16	19	20	15	22	15	11	8	12	11	9	8	8	14	13	13	19	11	9	7	23	17	17	17	15	14	12	10	0	19	19	18	18	20	18	18	11	9	8	19	13	10	5	5
2024LN-00936;2024LN-00936/2024	30	28	30	31	28	27	28	29	27	27	26	31	31	27	26	26	26	25	25	25	26	25	26	27	26	27	24	24	23	23	23	23	22	26	24	22	21	34	26	27	25	33	32	32	20	20	26	21	24	28	27	25	26	25	30	26	25	28	29	24	31	24	20	17	21	20	18	17	17	23	22	22	28	20	18	16	34	28	28	28	26	25	23	21	19	0	2	1	9	29	27	27	20	18	17	28	22	19	14	14
2025LN-00046;2025LN-00046/2025	30	28	30	31	28	27	28	29	27	27	26	31	31	27	26	26	26	25	25	25	26	25	26	27	26	27	24	24	23	23	23	23	22	26	24	22	21	34	26	27	25	33	32	32	20	20	26	21	24	28	27	25	26	25	30	26	25	28	29	24	31	24	20	17	21	20	18	17	17	23	22	22	28	20	18	16	34	28	28	28	26	25	23	21	19	2	0	1	9	29	27	27	20	18	17	28	22	19	14	14
2024LN-00849;2024LN-00849/2024	29	27	29	30	27	26	27	28	26	26	25	30	30	26	25	25	25	24	24	24	25	24	25	26	25	26	23	23	22	22	22	22	21	25	23	21	20	33	25	26	24	32	31	31	19	19	25	20	23	27	26	24	25	24	29	25	24	27	28	23	30	23	19	16	20	19	17	16	16	22	21	21	27	19	17	15	33	27	27	27	25	24	22	20	18	1	1	0	8	28	26	26	19	17	16	27	21	18	13	13
2024LN-00012/2024	29	27	29	30	27	26	27	28	26	26	25	30	30	26	25	25	25	24	24	24	25	24	25	26	25	26	23	23	22	22	22	22	21	25	23	21	20	33	25	26	24	32	31	31	19	19	25	20	23	27	26	24	25	24	29	25	24	27	28	23	30	23	19	16	20	19	17	16	16	22	21	21	27	19	17	15	33	27	27	27	25	24	22	20	18	9	9	8	0	28	26	26	19	17	16	27	21	18	13	13
2024CK-01783	31	29	31	32	29	28	29	30	28	28	27	32	32	28	27	27	27	26	26	26	27	26	27	28	27	28	25	25	24	24	24	24	23	27	25	23	22	35	27	28	26	34	33	33	21	21	27	22	25	29	28	26	27	26	31	27	26	29	30	25	32	25	21	18	22	21	19	18	18	24	23	23	29	21	19	17	35	29	29	29	27	26	24	22	20	29	29	28	28	0	8	8	21	19	18	29	23	20	15	15
2024CK-01788	29	27	29	30	27	26	27	28	26	26	25	30	30	26	25	25	25	24	24	24	25	24	25	26	25	26	23	23	22	22	22	22	21	25	23	21	20	33	25	26	24	32	31	31	19	19	25	20	23	27	26	24	25	24	29	25	24	27	28	23	30	23	19	16	20	19	17	16	16	22	21	21	27	19	17	15	33	27	27	27	25	24	22	20	18	27	27	26	26	8	0	6	19	17	16	27	21	18	13	13
2024CK-01787	29	27	29	30	27	26	27	28	26	26	25	30	30	26	25	25	25	24	24	24	25	24	25	26	25	26	23	23	22	22	22	22	21	25	23	21	20	33	25	26	24	32	31	31	19	19	25	20	23	27	26	24	25	24	29	25	24	27	28	23	30	23	19	16	20	19	17	16	16	22	21	21	27	19	17	15	33	27	27	27	25	24	22	20	18	27	27	26	26	8	6	0	19	17	16	27	21	18	13	13
2024HL-00643	22	20	22	23	20	19	20	21	19	19	18	23	23	19	18	18	18	17	17	17	18	17	18	19	18	19	16	16	15	15	15	15	14	18	16	14	13	26	18	19	17	25	24	24	12	12	18	13	16	20	19	17	18	17	22	18	17	20	21	16	23	16	12	9	13	12	10	9	9	15	14	14	20	12	10	8	26	20	20	20	18	17	15	13	11	20	20	19	19	21	19	19	0	2	9	20	14	11	6	6
2024HL-00432	20	18	20	21	18	17	18	19	17	17	16	21	21	17	16	16	16	15	15	15	16	15	16	17	16	17	14	14	13	13	13	13	12	16	14	12	11	24	16	17	15	23	22	22	10	10	16	11	14	18	17	15	16	15	20	16	15	18	19	14	21	14	10	7	11	10	8	7	7	13	12	12	18	10	8	6	24	18	18	18	16	15	13	11	9	18	18	17	17	19	17	17	2	0	7	18	12	9	4	4
2024LN-00494;2024LN-00494/2024	19	17	19	20	17	16	17	18	16	16	15	20	20	16	15	15	15	14	14	14	15	14	15	16	15	16	13	13	12	12	12	12	11	15	13	11	10	23	15	16	14	22	21	21	9	9	15	10	13	17	16	14	15	14	19	15	14	17	18	13	20	13	9	6	10	9	7	6	6	12	11	11	17	9	7	5	23	17	17	17	15	14	12	10	8	17	17	16	16	18	16	16	9	7	0	17	11	8	3	3
2024LN-01051;2024LN-01051/2024	30	28	30	31	28	27	28	29	27	27	26	31	31	27	26	26	26	25	25	25	26	25	26	27	26	27	24	24	23	23	23	23	22	26	24	22	21	34	26	27	25	33	32	32	20	20	26	21	24	28	27	25	26	25	30	26	25	28	29	24	31	24	20	17	21	20	18	17	17	23	22	22	28	20	18	16	34	28	28	28	26	25	23	21	19	28	28	27	27	29	27	27	20	18	17	0	22	19	14	14
2024LN-01030;2024LN-01030/2024	24	22	24	25	22	21	22	23	21	21	20	25	25	21	20	20	20	19	19	19	20	19	20	21	20	21	18	18	17	17	17	17	16	20	18	16	15	28	20	21	19	27	26	26	14	14	20	15	18	22	21	19	20	19	24	20	19	22	23	18	25	18	14	11	15	14	12	11	11	17	16	16	22	14	12	10	28	22	22	22	20	19	17	15	13	22	22	21	21	23	21	21	14	12	11	22	0	13	8	8
2024LN-01365;2024LN-01365/2025	21	19	21	22	19	18	19	20	18	18	17	22	22	18	17	17	17	16	16	16	17	16	17	18	17	18	15	15	14	14	14	14	13	17	15	13	12	25	17	18	16	24	23	23	11	11	17	12	15	19	18	16	17	16	21	17	16	19	20	15	22	15	11	8	12	11	9	8	8	14	13	13	19	11	9	7	25	19	19	19	17	16	14	12	10	19	19	18	18	20	18	18	11	9	8	19	13	0	5	5
2023LN-00518	16	14	16	17	14	13	14	15	13	13	12	17	17	13	12	12	12	11	11	11	12	11	12	13	12	13	10	10	9	9	9	9	8	12	10	8	7	20	12	13	11	19	18	18	6	6	12	7	10	14	13	11	12	11	16	12	11	14	15	10	17	10	6	3	7	6	4	3	3	9	8	8	14	6	4	2	20	14	14	14	12	11	9	7	5	14	14	13	13	15	13	13	6	4	3	14	8	5	0	0
2023LN-00799	16	14	16	17	14	13	14	15	13	13	12	17	17	13	12	12	12	11	11	11	12	11	12	13	12	13	10	10	9	9	9	9	8	12	10	8	7	20	12	13	11	19	18	18	6	6	12	7	10	14	13	11	12	11	16	12	11	14	15	10	17	10	6	3	7	6	4	3	3	9	8	8	14	6	4	2	20	14	14	14	12	11	9	7	5	14	14	13	13	15	13	13	6	4	3	14	8	5	0	0
