HAI WGS ID	2025HL-00017	2025HL-00018	2025HL-00019	2025HL-00016	2025HL-00015	2024HL-00450	2024HL-00624	2024HL-00789	2024HL-00667	2024HL-00580	2024HL-00516	2024HL-00453	2025GO-0090	2024GO-0142
2025HL-00017	0	1	3	2	2	23	29	34	31	25	22	38	31	23
2025HL-00018	1	0	2	1	1	22	28	33	30	24	21	37	30	22
2025HL-00019	3	2	0	1	1	22	28	33	30	24	21	37	30	22
2025HL-00016	2	1	1	0	0	21	27	32	29	23	20	36	29	21
2025HL-00015	2	1	1	0	0	21	27	32	29	23	20	36	29	21
2024HL-00450	23	22	22	21	21	0	14	19	16	10	7	23	16	8
2024HL-00624	29	28	28	27	27	14	0	25	22	16	13	29	22	14
2024HL-00789	34	33	33	32	32	19	25	0	7	17	14	30	23	15
2024HL-00667	31	30	30	29	29	16	22	7	0	14	11	27	20	12
2024HL-00580	25	24	24	23	23	10	16	17	14	0	3	21	14	6
2024HL-00516	22	21	21	20	20	7	13	14	11	3	0	18	11	3
2024HL-00453	38	37	37	36	36	23	29	30	27	21	18	0	27	19
2025GO-0090	31	30	30	29	29	16	22	23	20	14	11	27	0	10
2024GO-0142	23	22	22	21	21	8	14	15	12	6	3	19	10	0
