HAI WGS ID	2024BB-00182	2024CB-00673	2024AS-000360	2024CR-00050	2024CR-00041	2024ZN-0060	2024CB-00602	2023HL-01078	2023EL-01251	2023EP-00264	2024LY00095	2024LY00021	2024DK-00183	2024HL-00677	2024DK-00235	2024GO-0193	2024GO-0168	2024GO-0210	2024LY00080	2025GN-00024	2024HL-00800	2024HL-00967	2024HL-00025	2023DK-00348	2023EL-01243	2023EL-01253	2024KU-00601	LACPHL-BACT-2024-00230	2024CB-00709	2024CJ-00056	2024BB-00092	2024CB-00695	2024CB-00549	2024CR-00071	2025CR-00006	2024CB-00020	2024CE-00074;2024CE-CRE_12_19_006
2024BB-00182	0	13	11	10	15	24	19	16	19	14	16	15	16	16	16	21	19	19	16	20	19	19	20	19	19	19	18	22	26	22	18	18	17	19	19	16	24
2024CB-00673	13	0	4	3	8	17	12	9	12	7	9	8	9	9	9	14	12	12	9	13	12	12	13	12	12	12	11	15	19	15	11	11	10	12	12	9	17
2024AS-000360	11	4	0	1	6	15	10	7	10	5	7	6	7	7	7	12	10	10	7	11	10	10	11	10	10	10	9	13	17	13	9	9	8	10	10	7	15
2024CR-00050	10	3	1	0	5	14	9	6	9	4	6	5	6	6	6	11	9	9	6	10	9	9	10	9	9	9	8	12	16	12	8	8	7	9	9	6	14
2024CR-00041	15	8	6	5	0	17	12	9	12	7	9	8	9	9	9	14	12	12	9	13	12	12	13	12	12	12	11	15	19	15	11	11	10	12	12	9	17
2024ZN-0060	24	17	15	14	17	0	21	18	21	16	18	17	18	18	18	23	21	21	18	22	21	21	22	21	21	21	20	24	28	24	20	20	19	21	21	18	26
2024CB-00602	19	12	10	9	12	21	0	7	10	5	11	10	11	11	11	16	14	14	11	15	14	14	15	14	14	14	13	17	21	17	13	13	12	14	14	11	19
2023HL-01078	16	9	7	6	9	18	7	0	7	2	8	7	8	8	8	13	11	11	8	12	11	11	12	11	11	11	10	14	18	14	10	10	9	11	11	8	16
2023EL-01251	19	12	10	9	12	21	10	7	0	5	11	10	11	11	11	16	14	14	11	15	14	14	15	14	14	14	13	17	21	17	13	13	12	14	14	11	19
2023EP-00264	14	7	5	4	7	16	5	2	5	0	6	5	6	6	6	11	9	9	6	10	9	9	10	9	9	9	8	12	16	12	8	8	7	9	9	6	14
2024LY00095	16	9	7	6	9	18	11	8	11	6	0	3	8	8	8	13	11	11	8	12	11	11	12	11	11	11	10	14	18	14	10	10	9	11	11	8	16
2024LY00021	15	8	6	5	8	17	10	7	10	5	3	0	7	7	7	12	10	10	7	11	10	10	11	10	10	10	9	13	17	13	9	9	8	10	10	7	15
2024DK-00183	16	9	7	6	9	18	11	8	11	6	8	7	0	0	0	7	5	5	2	6	5	5	12	11	11	11	10	14	18	14	10	10	9	11	11	8	16
2024HL-00677	16	9	7	6	9	18	11	8	11	6	8	7	0	0	0	7	5	5	2	6	5	5	12	11	11	11	10	14	18	14	10	10	9	11	11	8	16
2024DK-00235	16	9	7	6	9	18	11	8	11	6	8	7	0	0	0	7	5	5	2	6	5	5	12	11	11	11	10	14	18	14	10	10	9	11	11	8	16
2024GO-0193	21	14	12	11	14	23	16	13	16	11	13	12	7	7	7	0	2	10	7	11	10	10	17	16	16	16	15	19	23	19	15	15	14	16	16	13	21
2024GO-0168	19	12	10	9	12	21	14	11	14	9	11	10	5	5	5	2	0	8	5	9	8	8	15	14	14	14	13	17	21	17	13	13	12	14	14	11	19
2024GO-0210	19	12	10	9	12	21	14	11	14	9	11	10	5	5	5	10	8	0	3	9	8	8	15	14	14	14	13	17	21	17	13	13	12	14	14	11	19
2024LY00080	16	9	7	6	9	18	11	8	11	6	8	7	2	2	2	7	5	3	0	6	5	5	12	11	11	11	10	14	18	14	10	10	9	11	11	8	16
2025GN-00024	20	13	11	10	13	22	15	12	15	10	12	11	6	6	6	11	9	9	6	0	9	9	16	15	15	15	14	18	22	18	14	14	13	15	15	12	20
2024HL-00800	19	12	10	9	12	21	14	11	14	9	11	10	5	5	5	10	8	8	5	9	0	8	15	14	14	14	13	17	21	17	13	13	12	14	14	11	19
2024HL-00967	19	12	10	9	12	21	14	11	14	9	11	10	5	5	5	10	8	8	5	9	8	0	15	14	14	14	13	17	21	17	13	13	12	14	14	11	19
2024HL-00025	20	13	11	10	13	22	15	12	15	10	12	11	12	12	12	17	15	15	12	16	15	15	0	1	1	1	6	10	16	12	8	8	7	9	9	6	18
2023DK-00348	19	12	10	9	12	21	14	11	14	9	11	10	11	11	11	16	14	14	11	15	14	14	1	0	0	0	5	9	15	11	7	7	6	8	8	5	17
2023EL-01243	19	12	10	9	12	21	14	11	14	9	11	10	11	11	11	16	14	14	11	15	14	14	1	0	0	0	5	9	15	11	7	7	6	8	8	5	17
2023EL-01253	19	12	10	9	12	21	14	11	14	9	11	10	11	11	11	16	14	14	11	15	14	14	1	0	0	0	5	9	15	11	7	7	6	8	8	5	17
2024KU-00601	18	11	9	8	11	20	13	10	13	8	10	9	10	10	10	15	13	13	10	14	13	13	6	5	5	5	0	8	14	10	6	6	5	7	7	4	16
LACPHL-BACT-2024-00230	22	15	13	12	15	24	17	14	17	12	14	13	14	14	14	19	17	17	14	18	17	17	10	9	9	9	8	0	18	14	10	10	9	11	11	8	20
2024CB-00709	26	19	17	16	19	28	21	18	21	16	18	17	18	18	18	23	21	21	18	22	21	21	16	15	15	15	14	18	0	14	10	14	13	15	15	12	24
2024CJ-00056	22	15	13	12	15	24	17	14	17	12	14	13	14	14	14	19	17	17	14	18	17	17	12	11	11	11	10	14	14	0	6	10	9	11	11	8	20
2024BB-00092	18	11	9	8	11	20	13	10	13	8	10	9	10	10	10	15	13	13	10	14	13	13	8	7	7	7	6	10	10	6	0	6	5	7	7	4	16
2024CB-00695	18	11	9	8	11	20	13	10	13	8	10	9	10	10	10	15	13	13	10	14	13	13	8	7	7	7	6	10	14	10	6	0	1	7	7	4	16
2024CB-00549	17	10	8	7	10	19	12	9	12	7	9	8	9	9	9	14	12	12	9	13	12	12	7	6	6	6	5	9	13	9	5	1	0	6	6	3	15
2024CR-00071	19	12	10	9	12	21	14	11	14	9	11	10	11	11	11	16	14	14	11	15	14	14	9	8	8	8	7	11	15	11	7	7	6	0	8	5	17
2025CR-00006	19	12	10	9	12	21	14	11	14	9	11	10	11	11	11	16	14	14	11	15	14	14	9	8	8	8	7	11	15	11	7	7	6	8	0	5	17
2024CB-00020	16	9	7	6	9	18	11	8	11	6	8	7	8	8	8	13	11	11	8	12	11	11	6	5	5	5	4	8	12	8	4	4	3	5	5	0	14
2024CE-00074;2024CE-CRE_12_19_006	24	17	15	14	17	26	19	16	19	14	16	15	16	16	16	21	19	19	16	20	19	19	18	17	17	17	16	20	24	20	16	16	15	17	17	14	0
