HAI WGS ID	2024KU-00525	2024KU-00541	2024KU-00322	2024KU-00355	2024KU-00304	2024KU-00276	2025HL-00214	2024KU-00244	2024KU-00166	2024CR-00067	2024HL-00305	2024BM-00076
2024KU-00525	0	0	4	4	7	7	8	7	6	14	12	11
2024KU-00541	0	0	4	4	7	7	8	7	6	14	12	11
2024KU-00322	4	4	0	0	3	3	4	3	2	10	8	7
2024KU-00355	4	4	0	0	3	3	4	3	2	10	8	7
2024KU-00304	7	7	3	3	0	4	5	4	3	11	9	8
2024KU-00276	7	7	3	3	4	0	3	2	1	9	7	6
2025HL-00214	8	8	4	4	5	3	0	3	2	10	8	7
2024KU-00244	7	7	3	3	4	2	3	0	1	9	7	6
2024KU-00166	6	6	2	2	3	1	2	1	0	8	6	5
2024CR-00067	14	14	10	10	11	9	10	9	8	0	4	7
2024HL-00305	12	12	8	8	9	7	8	7	6	4	0	5
2024BM-00076	11	11	7	7	8	6	7	6	5	7	5	0
