HAI WGS ID	2025LN-00069;2025LN-00069/2025	2024LN-01360;2024LN-01360/2025	2024LN-00994;2024LN-00994/2024	2024LN-01055;2024LN-01055/2024	2024LN-00242;2024LN-00242/2024	2024LN-00645;2024LN-00645/2024	2025BB-00031	2024LN-00296;2024LN-00296/2024	2024LN-00307;2024LN-00307/2024	2024LN-00651;2024LN-00651/2024	2024LN-00420;2024LN-00420/2024
2025LN-00069;2025LN-00069/2025	0	8	6	9	19	16	25	16	14	17	24
2024LN-01360;2024LN-01360/2025	8	0	2	5	15	12	21	12	10	13	20
2024LN-00994;2024LN-00994/2024	6	2	0	3	13	10	19	10	8	11	18
2024LN-01055;2024LN-01055/2024	9	5	3	0	12	9	18	9	7	10	17
2024LN-00242;2024LN-00242/2024	19	15	13	12	0	13	22	13	11	14	21
2024LN-00645;2024LN-00645/2024	16	12	10	9	13	0	11	8	6	9	16
2025BB-00031	25	21	19	18	22	11	0	17	15	18	25
2024LN-00296;2024LN-00296/2024	16	12	10	9	13	8	17	0	6	9	16
2024LN-00307;2024LN-00307/2024	14	10	8	7	11	6	15	6	0	7	14
2024LN-00651;2024LN-00651/2024	17	13	11	10	14	9	18	9	7	0	15
2024LN-00420;2024LN-00420/2024	24	20	18	17	21	16	25	16	14	15	0
