HAI WGS ID	2024HL-00757	2024HL-00754	2024HL-00129	2023HL-01059	2024HL-00158	2023GS-00068	2023GS-00072	2024HL-00047	2023GS-00118	2023GS-00092	2024BV-00184	2024GO-0520	2024HL-00232	2024HL-00163	2024HL-00455	2023GS-00093	2022GS-00088	2025HL-00007	2025DU-00116	2025HL-00111	2025DU-00103	2023GS-00083	2023HL-00916	2023GS-00014	2024HL-00187	2023GS-00120	2023GS-00053	2023GS-00071	2024HL-00241
2024HL-00757	0	5	4	11	9	12	7	8	9	15	35	35	18	20	16	15	17	30	30	28	28	23	22	15	22	18	16	18	21
2024HL-00754	5	0	5	12	10	13	8	9	10	16	36	36	19	21	17	16	18	31	31	29	29	24	23	16	23	19	17	19	22
2024HL-00129	4	5	0	9	7	10	5	6	7	13	33	33	16	18	14	13	15	28	28	26	26	21	20	13	20	16	14	16	19
2023HL-01059	11	12	9	0	2	11	6	7	8	14	34	34	17	19	15	14	16	29	29	27	27	22	21	14	21	17	15	17	20
2024HL-00158	9	10	7	2	0	9	4	5	6	12	32	32	15	17	13	12	14	27	27	25	25	20	19	12	19	15	13	15	18
2023GS-00068	12	13	10	11	9	0	7	8	9	15	35	35	18	20	16	15	17	30	30	28	28	23	22	15	22	18	16	18	21
2023GS-00072	7	8	5	6	4	7	0	3	4	10	30	30	13	15	11	10	12	25	25	23	23	18	17	10	17	13	11	13	16
2024HL-00047	8	9	6	7	5	8	3	0	5	11	31	31	14	16	12	11	13	26	26	24	24	19	18	11	18	14	12	14	17
2023GS-00118	9	10	7	8	6	9	4	5	0	6	26	26	9	11	7	6	8	21	21	19	19	14	13	6	13	9	7	9	12
2023GS-00092	15	16	13	14	12	15	10	11	6	0	32	32	15	17	13	12	14	27	27	25	25	20	19	12	19	15	13	15	18
2024BV-00184	35	36	33	34	32	35	30	31	26	32	0	0	23	27	31	30	32	45	45	43	43	38	37	30	37	33	31	33	36
2024GO-0520	35	36	33	34	32	35	30	31	26	32	0	0	23	27	31	30	32	45	45	43	43	38	37	30	37	33	31	33	36
2024HL-00232	18	19	16	17	15	18	13	14	9	15	23	23	0	10	14	13	15	28	28	26	26	21	20	13	20	16	14	16	19
2024HL-00163	20	21	18	19	17	20	15	16	11	17	27	27	10	0	16	15	17	30	30	28	28	23	22	15	22	18	16	18	21
2024HL-00455	16	17	14	15	13	16	11	12	7	13	31	31	14	16	0	1	9	22	22	20	20	15	14	7	14	10	8	10	13
2023GS-00093	15	16	13	14	12	15	10	11	6	12	30	30	13	15	1	0	8	21	21	19	19	14	13	6	13	9	7	9	12
2022GS-00088	17	18	15	16	14	17	12	13	8	14	32	32	15	17	9	8	0	23	23	21	21	16	15	8	15	11	9	11	14
2025HL-00007	30	31	28	29	27	30	25	26	21	27	45	45	28	30	22	21	23	0	4	2	2	9	8	17	24	24	22	24	27
2025DU-00116	30	31	28	29	27	30	25	26	21	27	45	45	28	30	22	21	23	4	0	2	2	9	8	17	24	24	22	24	27
2025HL-00111	28	29	26	27	25	28	23	24	19	25	43	43	26	28	20	19	21	2	2	0	0	7	6	15	22	22	20	22	25
2025DU-00103	28	29	26	27	25	28	23	24	19	25	43	43	26	28	20	19	21	2	2	0	0	7	6	15	22	22	20	22	25
2023GS-00083	23	24	21	22	20	23	18	19	14	20	38	38	21	23	15	14	16	9	9	7	7	0	1	10	17	17	15	17	20
2023HL-00916	22	23	20	21	19	22	17	18	13	19	37	37	20	22	14	13	15	8	8	6	6	1	0	9	16	16	14	16	19
2023GS-00014	15	16	13	14	12	15	10	11	6	12	30	30	13	15	7	6	8	17	17	15	15	10	9	0	9	9	7	9	12
2024HL-00187	22	23	20	21	19	22	17	18	13	19	37	37	20	22	14	13	15	24	24	22	22	17	16	9	0	16	14	16	19
2023GS-00120	18	19	16	17	15	18	13	14	9	15	33	33	16	18	10	9	11	24	24	22	22	17	16	9	16	0	6	8	15
2023GS-00053	16	17	14	15	13	16	11	12	7	13	31	31	14	16	8	7	9	22	22	20	20	15	14	7	14	6	0	6	13
2023GS-00071	18	19	16	17	15	18	13	14	9	15	33	33	16	18	10	9	11	24	24	22	22	17	16	9	16	8	6	0	15
2024HL-00241	21	22	19	20	18	21	16	17	12	18	36	36	19	21	13	12	14	27	27	25	25	20	19	12	19	15	13	15	0
