HAI WGS ID	2025LN-00047;2025LN-00047/2025	2024LN-01358;2024LN-01358/2025	2024LN-01315;2024LN-01315/2025	2025CE-00055;2025CE-CRE_03_25_012	2025CE-00056;2025CE-CRE_03_25_013	2025CE-00053;2025CE-CRE_03_25_010	2024LN-00788;2024LN-00788/2024	2025CE-00016;2025CE-CRE_03_03_003	2024LN-00636;2024LN-00636/2024	2024CE-00064;2024CE-CRO_12_02_004	2024CE-00062;2024CE-CRO_12_02_002	2024CE-00063;2024CE-CRO_12_02_003	2024CE-00024;2024CE-CRO_10_01	2024CE-00061;2024CE-CRO_12_02_001	2024CE-00027;2024CE-CRO_10_01	2024CK-01786	LACPHL-BACT-2025-00012	LACPHL-BACT-2025-00045	LACPHL-BACT-2024-00457	LACPHL-BACT-2024-00446	2024CE-00066;2024CE-CRO_12_02_006	2025CE-00018;2025CE-CRE_03_03_005	2024LN-00966;2024LN-00966/2024	2024LN-00965;2024LN-00965/2024	2025CK-00292	2025CK-00291	2024LN-01300;2024LN-01300/2025	2024CK-01549	2024LN-01038;2024LN-01038/2024	2024LN-01242;2024LN-01242/2025	2024LN-00883;2024LN-00883/2024	2024CK-01785	2025CK-00141	2024CK-01784	2024CK-00845	2024CE-00021;2024CE-CRO_10_01	2024LN-00649;2024LN-00649/2024	2024LN-00528;2024LN-00528/2024	2025CE-00017;2025CE-CRE_03_03_004	2024LN-00331;2024LN-00331/2024	2024LN-00117;2024LN-00117/2024	2024LN-00961;2024LN-00961/2024	2024LN-00271;2024LN-00271/2024	2024LN-00805;2024LN-00805/2024	2024LN-00622;2024LN-00622/2024	2024LN-00992;2024LN-00992/2024	2024LN-01016;2024LN-01016/2024	2025LN-00079;2025LN-00079/2025	2024CK-01034	2024LN-00473;2024LN-00473/2024	2024LN-00962;2024LN-00962/2024	2024LN-00122;2024LN-00122/2024	2024LN-00427;2024LN-00427/2024	2024LN-00011/2024	2024LN-00040/2024	2024LN-00179;2024LN-00179/2024	2023LN-00700	2023LN-00707	2023LN-00652	2023LN-00485	2023LN-00600	2024LN-00545;2024LN-00545/2024	2024LN-00148;2024LN-00148/2024	2024CE-CRO_06_04_013	2023LN-00699
2025LN-00047;2025LN-00047/2025	0	7	3	12	13	11	5	11	5	9	9	9	8	8	9	9	14	13	12	14	11	10	13	13	13	15	13	10	8	10	8	8	8	11	8	6	6	6	11	16	15	17	20	21	18	14	23	17	17	16	13	12	12	14	12	12	11	11	18	18	18	20	17	13	17
2024LN-01358;2024LN-01358/2025	7	0	4	13	14	12	6	12	6	10	10	10	9	9	10	10	15	14	13	15	12	11	14	14	14	16	14	11	9	11	9	9	9	12	9	7	7	7	12	17	16	18	21	22	19	15	24	18	18	17	14	13	13	15	13	13	12	12	19	19	19	21	18	14	18
2024LN-01315;2024LN-01315/2025	3	4	0	9	10	8	2	8	2	6	6	6	5	5	6	6	11	10	9	11	8	7	10	10	10	12	10	7	5	7	5	5	5	8	5	3	3	3	8	13	12	14	17	18	15	11	20	14	14	13	10	9	9	11	9	9	8	8	15	15	15	17	14	10	14
2025CE-00055;2025CE-CRE_03_25_012	12	13	9	0	7	5	9	15	9	13	13	13	12	12	13	13	18	17	16	18	15	14	17	17	17	19	17	14	12	14	12	12	12	15	12	10	10	10	15	20	19	21	24	25	22	18	27	21	21	20	17	16	16	18	16	16	15	15	22	22	22	24	21	17	21
2025CE-00056;2025CE-CRE_03_25_013	13	14	10	7	0	6	10	16	10	14	14	14	13	13	14	14	19	18	17	19	16	15	18	18	18	20	18	15	13	15	13	13	13	16	13	11	11	11	16	21	20	22	25	26	23	19	28	22	22	21	18	17	17	19	17	17	16	16	23	23	23	25	22	18	22
2025CE-00053;2025CE-CRE_03_25_010	11	12	8	5	6	0	8	14	8	12	12	12	11	11	12	12	17	16	15	17	14	13	16	16	16	18	16	13	11	13	11	11	11	14	11	9	9	9	14	19	18	20	23	24	21	17	26	20	20	19	16	15	15	17	15	15	14	14	21	21	21	23	20	16	20
2024LN-00788;2024LN-00788/2024	5	6	2	9	10	8	0	8	2	6	6	6	5	5	6	6	11	10	9	11	8	7	10	10	10	12	10	7	5	7	5	5	5	8	5	3	3	3	8	13	12	14	17	18	15	11	20	14	14	13	10	9	9	11	9	9	8	8	15	15	15	17	14	10	14
2025CE-00016;2025CE-CRE_03_03_003	11	12	8	15	16	14	8	0	6	10	10	10	9	9	10	10	15	14	13	15	12	11	14	14	14	16	14	11	9	11	9	9	9	12	9	7	7	7	12	17	16	18	21	22	19	15	24	18	18	17	14	13	13	15	13	13	12	12	19	19	19	21	18	14	18
2024LN-00636;2024LN-00636/2024	5	6	2	9	10	8	2	6	0	4	4	4	3	3	4	4	9	8	7	9	6	5	8	8	8	10	8	5	3	5	3	3	3	6	3	1	1	1	6	11	10	12	15	16	13	9	18	12	12	11	8	7	7	9	7	7	6	6	13	13	13	15	12	8	12
2024CE-00064;2024CE-CRO_12_02_004	9	10	6	13	14	12	6	10	4	0	0	0	3	3	4	4	11	10	9	11	8	7	10	10	10	12	10	7	5	7	5	5	5	8	5	3	3	3	8	13	12	14	17	18	15	11	20	14	14	13	10	9	9	11	9	9	8	8	15	15	15	17	14	10	14
2024CE-00062;2024CE-CRO_12_02_002	9	10	6	13	14	12	6	10	4	0	0	0	3	3	4	4	11	10	9	11	8	7	10	10	10	12	10	7	5	7	5	5	5	8	5	3	3	3	8	13	12	14	17	18	15	11	20	14	14	13	10	9	9	11	9	9	8	8	15	15	15	17	14	10	14
2024CE-00063;2024CE-CRO_12_02_003	9	10	6	13	14	12	6	10	4	0	0	0	3	3	4	4	11	10	9	11	8	7	10	10	10	12	10	7	5	7	5	5	5	8	5	3	3	3	8	13	12	14	17	18	15	11	20	14	14	13	10	9	9	11	9	9	8	8	15	15	15	17	14	10	14
2024CE-00024;2024CE-CRO_10_01	8	9	5	12	13	11	5	9	3	3	3	3	0	0	3	3	10	9	8	10	7	6	9	9	9	11	9	6	4	6	4	4	4	7	4	2	2	2	7	12	11	13	16	17	14	10	19	13	13	12	9	8	8	10	8	8	7	7	14	14	14	16	13	9	13
2024CE-00061;2024CE-CRO_12_02_001	8	9	5	12	13	11	5	9	3	3	3	3	0	0	3	3	10	9	8	10	7	6	9	9	9	11	9	6	4	6	4	4	4	7	4	2	2	2	7	12	11	13	16	17	14	10	19	13	13	12	9	8	8	10	8	8	7	7	14	14	14	16	13	9	13
2024CE-00027;2024CE-CRO_10_01	9	10	6	13	14	12	6	10	4	4	4	4	3	3	0	4	11	10	9	11	8	7	10	10	10	12	10	7	5	7	5	5	5	8	5	3	3	3	8	13	12	14	17	18	15	11	20	14	14	13	10	9	9	11	9	9	8	8	15	15	15	17	14	10	14
2024CK-01786	9	10	6	13	14	12	6	10	4	4	4	4	3	3	4	0	11	10	9	11	8	7	10	10	10	12	10	7	5	7	5	5	5	8	5	3	3	3	8	13	12	14	17	18	15	11	20	14	14	13	10	9	9	11	9	9	8	8	15	15	15	17	14	10	14
LACPHL-BACT-2025-00012	14	15	11	18	19	17	11	15	9	11	11	11	10	10	11	11	0	3	2	8	11	10	15	15	15	17	15	12	10	12	10	10	10	13	10	8	8	8	13	18	17	19	22	23	20	16	25	19	19	18	15	14	14	16	14	14	13	13	20	20	20	22	19	15	19
LACPHL-BACT-2025-00045	13	14	10	17	18	16	10	14	8	10	10	10	9	9	10	10	3	0	1	7	10	9	14	14	14	16	14	11	9	11	9	9	9	12	9	7	7	7	12	17	16	18	21	22	19	15	24	18	18	17	14	13	13	15	13	13	12	12	19	19	19	21	18	14	18
LACPHL-BACT-2024-00457	12	13	9	16	17	15	9	13	7	9	9	9	8	8	9	9	2	1	0	6	9	8	13	13	13	15	13	10	8	10	8	8	8	11	8	6	6	6	11	16	15	17	20	21	18	14	23	17	17	16	13	12	12	14	12	12	11	11	18	18	18	20	17	13	17
LACPHL-BACT-2024-00446	14	15	11	18	19	17	11	15	9	11	11	11	10	10	11	11	8	7	6	0	11	10	15	15	15	17	15	12	10	12	10	10	10	13	10	8	8	8	13	18	17	19	22	23	20	16	25	19	19	18	15	14	14	16	14	14	13	13	20	20	20	22	19	15	19
2024CE-00066;2024CE-CRO_12_02_006	11	12	8	15	16	14	8	12	6	8	8	8	7	7	8	8	11	10	9	11	0	1	12	12	12	14	12	9	7	9	7	7	7	10	7	5	5	5	10	15	14	16	19	20	17	13	22	16	16	15	12	11	11	13	11	11	10	10	17	17	17	19	16	12	16
2025CE-00018;2025CE-CRE_03_03_005	10	11	7	14	15	13	7	11	5	7	7	7	6	6	7	7	10	9	8	10	1	0	11	11	11	13	11	8	6	8	6	6	6	9	6	4	4	4	9	14	13	15	18	19	16	12	21	15	15	14	11	10	10	12	10	10	9	9	16	16	16	18	15	11	15
2024LN-00966;2024LN-00966/2024	13	14	10	17	18	16	10	14	8	10	10	10	9	9	10	10	15	14	13	15	12	11	0	0	2	4	14	11	9	11	9	9	9	12	9	7	7	7	12	17	16	18	21	22	19	15	24	18	18	17	14	13	13	15	13	13	12	12	19	19	19	21	18	14	18
2024LN-00965;2024LN-00965/2024	13	14	10	17	18	16	10	14	8	10	10	10	9	9	10	10	15	14	13	15	12	11	0	0	2	4	14	11	9	11	9	9	9	12	9	7	7	7	12	17	16	18	21	22	19	15	24	18	18	17	14	13	13	15	13	13	12	12	19	19	19	21	18	14	18
2025CK-00292	13	14	10	17	18	16	10	14	8	10	10	10	9	9	10	10	15	14	13	15	12	11	2	2	0	4	14	11	9	11	9	9	9	12	9	7	7	7	12	17	16	18	21	22	19	15	24	18	18	17	14	13	13	15	13	13	12	12	19	19	19	21	18	14	18
2025CK-00291	15	16	12	19	20	18	12	16	10	12	12	12	11	11	12	12	17	16	15	17	14	13	4	4	4	0	16	13	11	13	11	11	11	14	11	9	9	9	14	19	18	20	23	24	21	17	26	20	20	19	16	15	15	17	15	15	14	14	21	21	21	23	20	16	20
2024LN-01300;2024LN-01300/2025	13	14	10	17	18	16	10	14	8	10	10	10	9	9	10	10	15	14	13	15	12	11	14	14	14	16	0	7	5	11	9	9	9	12	9	7	7	7	12	17	16	18	21	22	19	15	24	18	18	17	14	13	13	15	13	13	12	12	19	19	19	21	18	14	18
2024CK-01549	10	11	7	14	15	13	7	11	5	7	7	7	6	6	7	7	12	11	10	12	9	8	11	11	11	13	7	0	2	8	6	6	6	9	6	4	4	4	9	14	13	15	18	19	16	12	21	15	15	14	11	10	10	12	10	10	9	9	16	16	16	18	15	11	15
2024LN-01038;2024LN-01038/2024	8	9	5	12	13	11	5	9	3	5	5	5	4	4	5	5	10	9	8	10	7	6	9	9	9	11	5	2	0	6	4	4	4	7	4	2	2	2	7	12	11	13	16	17	14	10	19	13	13	12	9	8	8	10	8	8	7	7	14	14	14	16	13	9	13
2024LN-01242;2024LN-01242/2025	10	11	7	14	15	13	7	11	5	7	7	7	6	6	7	7	12	11	10	12	9	8	11	11	11	13	11	8	6	0	4	6	6	9	6	4	4	4	9	14	13	15	18	19	16	12	21	15	15	14	11	10	10	12	10	10	9	9	16	16	16	18	15	11	15
2024LN-00883;2024LN-00883/2024	8	9	5	12	13	11	5	9	3	5	5	5	4	4	5	5	10	9	8	10	7	6	9	9	9	11	9	6	4	4	0	4	4	7	4	2	2	2	7	12	11	13	16	17	14	10	19	13	13	12	9	8	8	10	8	8	7	7	14	14	14	16	13	9	13
2024CK-01785	8	9	5	12	13	11	5	9	3	5	5	5	4	4	5	5	10	9	8	10	7	6	9	9	9	11	9	6	4	6	4	0	4	7	4	2	2	2	7	12	11	13	16	17	14	10	19	13	13	12	9	8	8	10	8	8	7	7	14	14	14	16	13	9	13
2025CK-00141	8	9	5	12	13	11	5	9	3	5	5	5	4	4	5	5	10	9	8	10	7	6	9	9	9	11	9	6	4	6	4	4	0	7	4	2	2	2	7	12	11	13	16	17	14	10	19	13	13	12	9	8	8	10	8	8	7	7	14	14	14	16	13	9	13
2024CK-01784	11	12	8	15	16	14	8	12	6	8	8	8	7	7	8	8	13	12	11	13	10	9	12	12	12	14	12	9	7	9	7	7	7	0	7	5	5	5	10	15	14	16	19	20	17	13	22	16	16	15	12	11	11	13	11	11	10	10	17	17	17	19	16	12	16
2024CK-00845	8	9	5	12	13	11	5	9	3	5	5	5	4	4	5	5	10	9	8	10	7	6	9	9	9	11	9	6	4	6	4	4	4	7	0	2	2	2	7	12	11	13	16	17	14	10	19	13	13	12	9	8	8	10	8	8	7	7	14	14	14	16	13	9	13
2024CE-00021;2024CE-CRO_10_01	6	7	3	10	11	9	3	7	1	3	3	3	2	2	3	3	8	7	6	8	5	4	7	7	7	9	7	4	2	4	2	2	2	5	2	0	0	0	5	10	9	11	14	15	12	8	17	11	11	10	7	6	6	8	6	6	5	5	12	12	12	14	11	7	11
2024LN-00649;2024LN-00649/2024	6	7	3	10	11	9	3	7	1	3	3	3	2	2	3	3	8	7	6	8	5	4	7	7	7	9	7	4	2	4	2	2	2	5	2	0	0	0	5	10	9	11	14	15	12	8	17	11	11	10	7	6	6	8	6	6	5	5	12	12	12	14	11	7	11
2024LN-00528;2024LN-00528/2024	6	7	3	10	11	9	3	7	1	3	3	3	2	2	3	3	8	7	6	8	5	4	7	7	7	9	7	4	2	4	2	2	2	5	2	0	0	0	5	10	9	11	14	15	12	8	17	11	11	10	7	6	6	8	6	6	5	5	12	12	12	14	11	7	11
2025CE-00017;2025CE-CRE_03_03_004	11	12	8	15	16	14	8	12	6	8	8	8	7	7	8	8	13	12	11	13	10	9	12	12	12	14	12	9	7	9	7	7	7	10	7	5	5	5	0	11	10	12	15	16	13	9	18	12	12	11	8	7	7	9	7	7	6	6	13	13	13	15	12	8	12
2024LN-00331;2024LN-00331/2024	16	17	13	20	21	19	13	17	11	13	13	13	12	12	13	13	18	17	16	18	15	14	17	17	17	19	17	14	12	14	12	12	12	15	12	10	10	10	11	0	1	9	14	15	12	8	17	11	11	10	7	6	6	8	6	6	5	5	12	12	12	14	11	7	11
2024LN-00117;2024LN-00117/2024	15	16	12	19	20	18	12	16	10	12	12	12	11	11	12	12	17	16	15	17	14	13	16	16	16	18	16	13	11	13	11	11	11	14	11	9	9	9	10	1	0	8	13	14	11	7	16	10	10	9	6	5	5	7	5	5	4	4	11	11	11	13	10	6	10
2024LN-00961;2024LN-00961/2024	17	18	14	21	22	20	14	18	12	14	14	14	13	13	14	14	19	18	17	19	16	15	18	18	18	20	18	15	13	15	13	13	13	16	13	11	11	11	12	9	8	0	15	16	13	9	18	12	12	11	8	7	7	9	7	7	6	6	13	13	13	15	12	8	12
2024LN-00271;2024LN-00271/2024	20	21	17	24	25	23	17	21	15	17	17	17	16	16	17	17	22	21	20	22	19	18	21	21	21	23	21	18	16	18	16	16	16	19	16	14	14	14	15	14	13	15	0	7	14	12	21	15	15	14	11	10	10	12	10	10	9	9	16	16	16	18	15	11	15
2024LN-00805;2024LN-00805/2024	21	22	18	25	26	24	18	22	16	18	18	18	17	17	18	18	23	22	21	23	20	19	22	22	22	24	22	19	17	19	17	17	17	20	17	15	15	15	16	15	14	16	7	0	15	13	22	16	16	15	12	11	11	13	11	11	10	10	17	17	17	19	16	12	16
2024LN-00622;2024LN-00622/2024	18	19	15	22	23	21	15	19	13	15	15	15	14	14	15	15	20	19	18	20	17	16	19	19	19	21	19	16	14	16	14	14	14	17	14	12	12	12	13	12	11	13	14	15	0	10	19	13	13	12	9	8	8	10	8	8	7	7	14	14	14	16	13	9	13
2024LN-00992;2024LN-00992/2024	14	15	11	18	19	17	11	15	9	11	11	11	10	10	11	11	16	15	14	16	13	12	15	15	15	17	15	12	10	12	10	10	10	13	10	8	8	8	9	8	7	9	12	13	10	0	15	9	9	8	5	4	4	6	4	4	3	3	10	10	10	12	9	5	9
2024LN-01016;2024LN-01016/2024	23	24	20	27	28	26	20	24	18	20	20	20	19	19	20	20	25	24	23	25	22	21	24	24	24	26	24	21	19	21	19	19	19	22	19	17	17	17	18	17	16	18	21	22	19	15	0	18	18	17	14	13	13	15	13	13	12	12	19	19	19	21	18	14	18
2025LN-00079;2025LN-00079/2025	17	18	14	21	22	20	14	18	12	14	14	14	13	13	14	14	19	18	17	19	16	15	18	18	18	20	18	15	13	15	13	13	13	16	13	11	11	11	12	11	10	12	15	16	13	9	18	0	12	11	8	7	7	9	7	7	6	6	13	13	13	15	12	8	12
2024CK-01034	17	18	14	21	22	20	14	18	12	14	14	14	13	13	14	14	19	18	17	19	16	15	18	18	18	20	18	15	13	15	13	13	13	16	13	11	11	11	12	11	10	12	15	16	13	9	18	12	0	11	8	7	7	9	7	7	6	6	13	13	13	15	12	8	12
2024LN-00473;2024LN-00473/2024	16	17	13	20	21	19	13	17	11	13	13	13	12	12	13	13	18	17	16	18	15	14	17	17	17	19	17	14	12	14	12	12	12	15	12	10	10	10	11	10	9	11	14	15	12	8	17	11	11	0	7	6	6	8	6	6	5	5	12	12	12	14	11	7	11
2024LN-00962;2024LN-00962/2024	13	14	10	17	18	16	10	14	8	10	10	10	9	9	10	10	15	14	13	15	12	11	14	14	14	16	14	11	9	11	9	9	9	12	9	7	7	7	8	7	6	8	11	12	9	5	14	8	8	7	0	3	3	5	3	3	2	2	9	9	9	11	8	4	8
2024LN-00122;2024LN-00122/2024	12	13	9	16	17	15	9	13	7	9	9	9	8	8	9	9	14	13	12	14	11	10	13	13	13	15	13	10	8	10	8	8	8	11	8	6	6	6	7	6	5	7	10	11	8	4	13	7	7	6	3	0	2	4	2	2	1	1	8	8	8	10	7	3	7
2024LN-00427;2024LN-00427/2024	12	13	9	16	17	15	9	13	7	9	9	9	8	8	9	9	14	13	12	14	11	10	13	13	13	15	13	10	8	10	8	8	8	11	8	6	6	6	7	6	5	7	10	11	8	4	13	7	7	6	3	2	0	4	2	2	1	1	8	8	8	10	7	3	7
2024LN-00011/2024	14	15	11	18	19	17	11	15	9	11	11	11	10	10	11	11	16	15	14	16	13	12	15	15	15	17	15	12	10	12	10	10	10	13	10	8	8	8	9	8	7	9	12	13	10	6	15	9	9	8	5	4	4	0	4	4	3	3	10	10	10	12	9	5	9
2024LN-00040/2024	12	13	9	16	17	15	9	13	7	9	9	9	8	8	9	9	14	13	12	14	11	10	13	13	13	15	13	10	8	10	8	8	8	11	8	6	6	6	7	6	5	7	10	11	8	4	13	7	7	6	3	2	2	4	0	2	1	1	8	8	8	10	7	3	7
2024LN-00179;2024LN-00179/2024	12	13	9	16	17	15	9	13	7	9	9	9	8	8	9	9	14	13	12	14	11	10	13	13	13	15	13	10	8	10	8	8	8	11	8	6	6	6	7	6	5	7	10	11	8	4	13	7	7	6	3	2	2	4	2	0	1	1	8	8	8	10	7	3	7
2023LN-00700	11	12	8	15	16	14	8	12	6	8	8	8	7	7	8	8	13	12	11	13	10	9	12	12	12	14	12	9	7	9	7	7	7	10	7	5	5	5	6	5	4	6	9	10	7	3	12	6	6	5	2	1	1	3	1	1	0	0	7	7	7	9	6	2	6
2023LN-00707	11	12	8	15	16	14	8	12	6	8	8	8	7	7	8	8	13	12	11	13	10	9	12	12	12	14	12	9	7	9	7	7	7	10	7	5	5	5	6	5	4	6	9	10	7	3	12	6	6	5	2	1	1	3	1	1	0	0	7	7	7	9	6	2	6
2023LN-00652	18	19	15	22	23	21	15	19	13	15	15	15	14	14	15	15	20	19	18	20	17	16	19	19	19	21	19	16	14	16	14	14	14	17	14	12	12	12	13	12	11	13	16	17	14	10	19	13	13	12	9	8	8	10	8	8	7	7	0	4	4	8	11	7	11
2023LN-00485	18	19	15	22	23	21	15	19	13	15	15	15	14	14	15	15	20	19	18	20	17	16	19	19	19	21	19	16	14	16	14	14	14	17	14	12	12	12	13	12	11	13	16	17	14	10	19	13	13	12	9	8	8	10	8	8	7	7	4	0	4	8	11	7	11
2023LN-00600	18	19	15	22	23	21	15	19	13	15	15	15	14	14	15	15	20	19	18	20	17	16	19	19	19	21	19	16	14	16	14	14	14	17	14	12	12	12	13	12	11	13	16	17	14	10	19	13	13	12	9	8	8	10	8	8	7	7	4	4	0	8	11	7	11
2024LN-00545;2024LN-00545/2024	20	21	17	24	25	23	17	21	15	17	17	17	16	16	17	17	22	21	20	22	19	18	21	21	21	23	21	18	16	18	16	16	16	19	16	14	14	14	15	14	13	15	18	19	16	12	21	15	15	14	11	10	10	12	10	10	9	9	8	8	8	0	13	9	13
2024LN-00148;2024LN-00148/2024	17	18	14	21	22	20	14	18	12	14	14	14	13	13	14	14	19	18	17	19	16	15	18	18	18	20	18	15	13	15	13	13	13	16	13	11	11	11	12	11	10	12	15	16	13	9	18	12	12	11	8	7	7	9	7	7	6	6	11	11	11	13	0	6	10
2024CE-CRO_06_04_013	13	14	10	17	18	16	10	14	8	10	10	10	9	9	10	10	15	14	13	15	12	11	14	14	14	16	14	11	9	11	9	9	9	12	9	7	7	7	8	7	6	8	11	12	9	5	14	8	8	7	4	3	3	5	3	3	2	2	7	7	7	9	6	0	6
2023LN-00699	17	18	14	21	22	20	14	18	12	14	14	14	13	13	14	14	19	18	17	19	16	15	18	18	18	20	18	15	13	15	13	13	13	16	13	11	11	11	12	11	10	12	15	16	13	9	18	12	12	11	8	7	7	9	7	7	6	6	11	11	11	13	10	6	0
