HAI WGS ID	2024LN-00955;2024LN-00955/2024	2024LN-00587;2024LN-00587/2024	2024LN-00912;2024LN-00912/2024	2024LN-00128;2024LN-00128/2024	2024LN-00289;2024LN-00289/2024	2023LN-00649	2023LN-00683	2024LN-00885;2024LN-00885/2024	2024LN-00034/2024	2023LN-00325	2025LN-00095;2025LN-00095/2025	2024LN-00258;2024LN-00258/2024	2024LN-00433;2024LN-00433/2024	2023LN-00554	2024LN-01199;2024LN-01199/2025	2024LN-00742;2024LN-00742/2024	2025EL-00032	2024EL-00464	2024LN-00287;2024LN-00287/2024	2024LN-00357;2024LN-00357/2024	2024LN-00405;2024LN-00405/2024	2024LN-01062;2024LN-01062/2024	2024LN-00293;2024LN-00293/2024	2024LN-00354;2024LN-00354/2024	2023LN-00802	2023LN-00778	2024LN-00136;2024LN-00136/2024	2023LN-00774	2024LN-00670;2024LN-00670/2024	2023LN-00567	2023LN-00415	2024LN-00270;2024LN-00270/2024	2023LN-00580	2023LN-00728	2023LN-00789	2024LN-00277;2024LN-00277/2024	2024LN-00185;2024LN-00185/2024	2024LN-00495;2024LN-00495/2024
2024LN-00955;2024LN-00955/2024	0	20	18	16	16	18	23	28	25	23	30	22	22	22	37	32	51	40	42	34	38	39	34	39	34	34	33	32	32	33	32	35	29	29	36	29	27	35
2024LN-00587;2024LN-00587/2024	20	0	12	10	10	12	17	22	19	17	24	16	16	16	31	26	45	34	36	28	32	33	28	33	28	28	27	26	26	27	26	29	23	23	30	23	21	29
2024LN-00912;2024LN-00912/2024	18	12	0	6	6	8	13	18	15	13	20	12	12	12	27	22	41	30	32	24	28	29	24	29	24	24	23	22	22	23	22	25	19	19	26	19	17	25
2024LN-00128;2024LN-00128/2024	16	10	6	0	2	4	9	14	11	9	16	8	8	8	23	18	37	26	28	20	24	25	20	25	20	20	19	18	18	19	18	21	15	15	22	15	13	21
2024LN-00289;2024LN-00289/2024	16	10	6	2	0	4	9	14	11	9	16	8	8	8	23	18	37	26	28	20	24	25	20	25	20	20	19	18	18	19	18	21	15	15	22	15	13	21
2023LN-00649	18	12	8	4	4	0	9	14	11	9	16	8	8	8	23	18	37	26	28	20	24	25	20	25	20	20	19	18	18	19	18	21	15	15	22	15	13	21
2023LN-00683	23	17	13	9	9	9	0	11	8	6	13	5	5	5	20	15	34	23	25	17	21	22	17	22	17	17	16	15	15	16	15	18	12	12	19	12	10	18
2024LN-00885;2024LN-00885/2024	28	22	18	14	14	14	11	0	7	5	16	8	8	8	23	18	37	26	28	20	24	25	20	25	20	20	19	18	18	19	18	21	15	15	22	15	13	21
2024LN-00034/2024	25	19	15	11	11	11	8	7	0	2	13	5	5	5	20	15	34	23	25	17	21	22	17	22	17	17	16	15	15	16	15	18	12	12	19	12	10	18
2023LN-00325	23	17	13	9	9	9	6	5	2	0	11	3	3	3	18	13	32	21	23	15	19	20	15	20	15	15	14	13	13	14	13	16	10	10	17	10	8	16
2025LN-00095;2025LN-00095/2025	30	24	20	16	16	16	13	16	13	11	0	8	8	10	25	20	39	28	30	22	26	27	22	27	22	22	21	20	20	21	20	23	17	17	24	17	15	23
2024LN-00258;2024LN-00258/2024	22	16	12	8	8	8	5	8	5	3	8	0	0	2	17	12	31	20	22	14	18	19	14	19	14	14	13	12	12	13	12	15	9	9	16	9	7	15
2024LN-00433;2024LN-00433/2024	22	16	12	8	8	8	5	8	5	3	8	0	0	2	17	12	31	20	22	14	18	19	14	19	14	14	13	12	12	13	12	15	9	9	16	9	7	15
2023LN-00554	22	16	12	8	8	8	5	8	5	3	10	2	2	0	17	12	31	20	22	14	18	19	14	19	14	14	13	12	12	13	12	15	9	9	16	9	7	15
2024LN-01199;2024LN-01199/2025	37	31	27	23	23	23	20	23	20	18	25	17	17	17	0	7	42	31	33	25	29	30	25	30	25	25	24	23	23	24	23	26	20	20	27	20	18	26
2024LN-00742;2024LN-00742/2024	32	26	22	18	18	18	15	18	15	13	20	12	12	12	7	0	37	26	28	20	24	25	20	25	20	20	19	18	18	19	18	21	15	15	22	15	13	21
2025EL-00032	51	45	41	37	37	37	34	37	34	32	39	31	31	31	42	37	0	11	29	21	25	26	21	26	21	21	20	19	19	22	21	32	26	28	35	34	32	40
2024EL-00464	40	34	30	26	26	26	23	26	23	21	28	20	20	20	31	26	11	0	18	10	14	15	10	15	10	10	9	8	8	11	10	21	15	17	24	23	21	29
2024LN-00287;2024LN-00287/2024	42	36	32	28	28	28	25	28	25	23	30	22	22	22	33	28	29	18	0	12	16	17	12	17	12	12	11	10	10	13	12	23	17	19	26	25	23	31
2024LN-00357;2024LN-00357/2024	34	28	24	20	20	20	17	20	17	15	22	14	14	14	25	20	21	10	12	0	8	9	4	9	4	4	3	2	2	5	4	15	9	11	18	17	15	23
2024LN-00405;2024LN-00405/2024	38	32	28	24	24	24	21	24	21	19	26	18	18	18	29	24	25	14	16	8	0	13	8	13	8	8	7	6	6	9	8	19	13	15	22	21	19	27
2024LN-01062;2024LN-01062/2024	39	33	29	25	25	25	22	25	22	20	27	19	19	19	30	25	26	15	17	9	13	0	9	14	9	9	8	7	7	10	9	20	14	16	23	22	20	28
2024LN-00293;2024LN-00293/2024	34	28	24	20	20	20	17	20	17	15	22	14	14	14	25	20	21	10	12	4	8	9	0	9	4	4	3	2	2	5	4	15	9	11	18	17	15	23
2024LN-00354;2024LN-00354/2024	39	33	29	25	25	25	22	25	22	20	27	19	19	19	30	25	26	15	17	9	13	14	9	0	9	9	8	7	7	10	9	20	14	16	23	22	20	28
2023LN-00802	34	28	24	20	20	20	17	20	17	15	22	14	14	14	25	20	21	10	12	4	8	9	4	9	0	4	3	2	2	5	4	15	9	11	18	17	15	23
2023LN-00778	34	28	24	20	20	20	17	20	17	15	22	14	14	14	25	20	21	10	12	4	8	9	4	9	4	0	3	2	2	5	4	15	9	11	18	17	15	23
2024LN-00136;2024LN-00136/2024	33	27	23	19	19	19	16	19	16	14	21	13	13	13	24	19	20	9	11	3	7	8	3	8	3	3	0	1	1	4	3	14	8	10	17	16	14	22
2023LN-00774	32	26	22	18	18	18	15	18	15	13	20	12	12	12	23	18	19	8	10	2	6	7	2	7	2	2	1	0	0	3	2	13	7	9	16	15	13	21
2024LN-00670;2024LN-00670/2024	32	26	22	18	18	18	15	18	15	13	20	12	12	12	23	18	19	8	10	2	6	7	2	7	2	2	1	0	0	3	2	13	7	9	16	15	13	21
2023LN-00567	33	27	23	19	19	19	16	19	16	14	21	13	13	13	24	19	22	11	13	5	9	10	5	10	5	5	4	3	3	0	3	14	8	10	17	16	14	22
2023LN-00415	32	26	22	18	18	18	15	18	15	13	20	12	12	12	23	18	21	10	12	4	8	9	4	9	4	4	3	2	2	3	0	13	7	9	16	15	13	21
2024LN-00270;2024LN-00270/2024	35	29	25	21	21	21	18	21	18	16	23	15	15	15	26	21	32	21	23	15	19	20	15	20	15	15	14	13	13	14	13	0	10	12	19	18	16	24
2023LN-00580	29	23	19	15	15	15	12	15	12	10	17	9	9	9	20	15	26	15	17	9	13	14	9	14	9	9	8	7	7	8	7	10	0	6	13	12	10	18
2023LN-00728	29	23	19	15	15	15	12	15	12	10	17	9	9	9	20	15	28	17	19	11	15	16	11	16	11	11	10	9	9	10	9	12	6	0	13	12	10	18
2023LN-00789	36	30	26	22	22	22	19	22	19	17	24	16	16	16	27	22	35	24	26	18	22	23	18	23	18	18	17	16	16	17	16	19	13	13	0	19	17	25
2024LN-00277;2024LN-00277/2024	29	23	19	15	15	15	12	15	12	10	17	9	9	9	20	15	34	23	25	17	21	22	17	22	17	17	16	15	15	16	15	18	12	12	19	0	10	18
2024LN-00185;2024LN-00185/2024	27	21	17	13	13	13	10	13	10	8	15	7	7	7	18	13	32	21	23	15	19	20	15	20	15	15	14	13	13	14	13	16	10	10	17	10	0	12
2024LN-00495;2024LN-00495/2024	35	29	25	21	21	21	18	21	18	16	23	15	15	15	26	21	40	29	31	23	27	28	23	28	23	23	22	21	21	22	21	24	18	18	25	18	12	0
