HAI WGS ID	2024LN-00830;2024LN-00830/2024	2024LN-00859;2024LN-00859/2024	2025LN-00122;2025LN-00122/2025	2024LN-00879;2024LN-00879/2024	2024LN-01083;2024LN-01083/2024	2024LN-01311;2024LN-01311/2025	2024LN-01351;2024LN-01351/2025	2024LN-01013;2024LN-01013/2024	2024LN-00792;2024LN-00792/2024	2024LN-01045;2024LN-01045/2024	2024LN-00691;2024LN-00691/2024	2024LN-00964;2024LN-00964/2024	2024LN-00880;2024LN-00880/2024	2024LN-01330;2024LN-01330/2025	2024LN-01355;2024LN-01355/2025	2025CK-00393
2024LN-00830;2024LN-00830/2024	0	7	14	11	10	12	11	10	9	9	9	16	14	21	20	24
2024LN-00859;2024LN-00859/2024	7	0	9	6	5	7	6	5	4	4	4	11	9	16	15	19
2025LN-00122;2025LN-00122/2025	14	9	0	3	6	8	7	6	5	5	5	12	10	17	16	20
2024LN-00879;2024LN-00879/2024	11	6	3	0	3	5	4	3	2	2	2	9	7	14	13	17
2024LN-01083;2024LN-01083/2024	10	5	6	3	0	4	3	2	1	1	1	8	6	13	12	16
2024LN-01311;2024LN-01311/2025	12	7	8	5	4	0	5	4	3	3	3	10	8	15	14	18
2024LN-01351;2024LN-01351/2025	11	6	7	4	3	5	0	3	2	2	2	9	7	14	13	17
2024LN-01013;2024LN-01013/2024	10	5	6	3	2	4	3	0	1	1	1	8	6	13	12	16
2024LN-00792;2024LN-00792/2024	9	4	5	2	1	3	2	1	0	0	0	7	5	12	11	15
2024LN-01045;2024LN-01045/2024	9	4	5	2	1	3	2	1	0	0	0	7	5	12	11	15
2024LN-00691;2024LN-00691/2024	9	4	5	2	1	3	2	1	0	0	0	7	5	12	11	15
2024LN-00964;2024LN-00964/2024	16	11	12	9	8	10	9	8	7	7	7	0	4	11	10	14
2024LN-00880;2024LN-00880/2024	14	9	10	7	6	8	7	6	5	5	5	4	0	9	8	12
2024LN-01330;2024LN-01330/2025	21	16	17	14	13	15	14	13	12	12	12	11	9	0	3	17
2024LN-01355;2024LN-01355/2025	20	15	16	13	12	14	13	12	11	11	11	10	8	3	0	16
2025CK-00393	24	19	20	17	16	18	17	16	15	15	15	14	12	17	16	0
