HAI WGS ID	2025QW-00083	2025QW-00085	2025QW-00084	2025QW-00059	2025QW-00018	2025QW-00038	2024QW-00231	2024QW-00233	2025QW-00067	2024QW-00208	2024QW-00221	2025QW-00047
2025QW-00083	0	5	2	9	8	11	6	8	8	7	5	5
2025QW-00085	5	0	3	10	9	12	7	9	9	8	6	6
2025QW-00084	2	3	0	7	6	9	4	6	6	5	3	3
2025QW-00059	9	10	7	0	1	10	5	7	7	6	4	4
2025QW-00018	8	9	6	1	0	9	4	6	6	5	3	3
2025QW-00038	11	12	9	10	9	0	5	9	9	8	6	6
2024QW-00231	6	7	4	5	4	5	0	4	4	3	1	1
2024QW-00233	8	9	6	7	6	9	4	0	6	5	3	3
2025QW-00067	8	9	6	7	6	9	4	6	0	5	3	3
2024QW-00208	7	8	5	6	5	8	3	5	5	0	2	2
2024QW-00221	5	6	3	4	3	6	1	3	3	2	0	0
2025QW-00047	5	6	3	4	3	6	1	3	3	2	0	0
