HAI WGS ID	2024LN-01378;2024LN-01378/2025	2024LN-01040;2024LN-01040/2024	2024LN-00449;2024LN-00449/2024	2024LN-00848;2024LN-00848/2024	2024LN-00462;2024LN-00462/2024	2024LN-00457;2024LN-00457/2024	2024LN-01042;2024LN-01042/2024	2024CK-00714	2024LN-00187;2024LN-00187/2024	2024LN-00437;2024LN-00437/2024	2024LN-00440;2024LN-00440/2024	2024LN-00669;2024LN-00669/2024	2024LN-00760;2024LN-00760/2024	2024LN-00829;2024LN-00829/2024	2024LN-01079;2024LN-01079/2024	2024LN-00599;2024LN-00599/2024	2024LN-00305;2024LN-00305/2024	2024LN-00565;2024LN-00565/2024	2024LN-00546;2024LN-00546/2024	2024LN-01386;2024LN-01386/2025	2024LN-00325;2024LN-00325/2024	2024LN-00389;2024LN-00389/2024	2024LN-01082;2024LN-01082/2024	2025CK-00392	2024LN-00940;2024LN-00940/2024	2024LN-00592;2024LN-00592/2024	2024LN-00706;2024LN-00706/2024	2024CK-01209	2024LN-01047;2024LN-01047/2024
2024LN-01378;2024LN-01378/2025	0	10	7	17	15	14	15	12	15	18	21	19	28	22	22	30	21	22	21	20	22	22	31	30	24	22	21	22	22
2024LN-01040;2024LN-01040/2024	10	0	3	13	11	10	11	8	11	14	17	15	24	18	18	26	17	18	17	16	18	18	27	26	20	18	17	18	18
2024LN-00449;2024LN-00449/2024	7	3	0	10	8	7	8	5	8	11	14	12	21	15	15	23	14	15	14	13	15	15	24	23	17	15	14	15	15
2024LN-00848;2024LN-00848/2024	17	13	10	0	2	3	10	7	10	13	16	14	23	17	17	25	16	17	16	15	17	17	26	25	19	17	16	17	17
2024LN-00462;2024LN-00462/2024	15	11	8	2	0	1	8	5	8	11	14	12	21	15	15	23	14	15	14	13	15	15	24	23	17	15	14	15	15
2024LN-00457;2024LN-00457/2024	14	10	7	3	1	0	7	4	7	10	13	11	20	14	14	22	13	14	13	12	14	14	23	22	16	14	13	14	14
2024LN-01042;2024LN-01042/2024	15	11	8	10	8	7	0	5	8	11	14	12	21	15	15	23	14	15	14	13	15	15	24	23	17	15	14	15	15
2024CK-00714	12	8	5	7	5	4	5	0	5	8	11	9	18	12	12	20	11	12	11	10	12	12	21	20	14	12	11	12	12
2024LN-00187;2024LN-00187/2024	15	11	8	10	8	7	8	5	0	7	10	8	17	11	11	19	10	11	10	9	11	11	20	19	13	11	10	11	11
2024LN-00437;2024LN-00437/2024	18	14	11	13	11	10	11	8	7	0	11	9	18	12	12	20	11	12	11	10	12	12	21	20	14	12	11	12	12
2024LN-00440;2024LN-00440/2024	21	17	14	16	14	13	14	11	10	11	0	8	17	11	11	19	10	11	10	9	11	11	20	19	13	11	10	11	11
2024LN-00669;2024LN-00669/2024	19	15	12	14	12	11	12	9	8	9	8	0	15	9	9	17	8	9	8	7	9	9	18	17	11	9	8	9	9
2024LN-00760;2024LN-00760/2024	28	24	21	23	21	20	21	18	17	18	17	15	0	8	8	20	11	16	15	14	16	16	25	24	18	16	15	16	16
2024LN-00829;2024LN-00829/2024	22	18	15	17	15	14	15	12	11	12	11	9	8	0	2	14	5	10	9	8	10	10	19	18	12	10	9	10	10
2024LN-01079;2024LN-01079/2024	22	18	15	17	15	14	15	12	11	12	11	9	8	2	0	14	5	10	9	8	10	10	19	18	12	10	9	10	10
2024LN-00599;2024LN-00599/2024	30	26	23	25	23	22	23	20	19	20	19	17	20	14	14	0	13	18	17	16	18	18	27	26	20	18	17	18	18
2024LN-00305;2024LN-00305/2024	21	17	14	16	14	13	14	11	10	11	10	8	11	5	5	13	0	9	8	7	9	9	18	17	11	9	8	9	9
2024LN-00565;2024LN-00565/2024	22	18	15	17	15	14	15	12	11	12	11	9	16	10	10	18	9	0	3	2	6	6	19	18	12	10	9	10	10
2024LN-00546;2024LN-00546/2024	21	17	14	16	14	13	14	11	10	11	10	8	15	9	9	17	8	3	0	1	5	5	18	17	11	9	8	9	9
2024LN-01386;2024LN-01386/2025	20	16	13	15	13	12	13	10	9	10	9	7	14	8	8	16	7	2	1	0	4	4	17	16	10	8	7	8	8
2024LN-00325;2024LN-00325/2024	22	18	15	17	15	14	15	12	11	12	11	9	16	10	10	18	9	6	5	4	0	6	19	18	12	10	9	10	10
2024LN-00389;2024LN-00389/2024	22	18	15	17	15	14	15	12	11	12	11	9	16	10	10	18	9	6	5	4	6	0	19	18	12	10	9	10	10
2024LN-01082;2024LN-01082/2024	31	27	24	26	24	23	24	21	20	21	20	18	25	19	19	27	18	19	18	17	19	19	0	13	9	19	18	19	19
2025CK-00392	30	26	23	25	23	22	23	20	19	20	19	17	24	18	18	26	17	18	17	16	18	18	13	0	8	18	17	18	18
2024LN-00940;2024LN-00940/2024	24	20	17	19	17	16	17	14	13	14	13	11	18	12	12	20	11	12	11	10	12	12	9	8	0	12	11	12	12
2024LN-00592;2024LN-00592/2024	22	18	15	17	15	14	15	12	11	12	11	9	16	10	10	18	9	10	9	8	10	10	19	18	12	0	1	8	10
2024LN-00706;2024LN-00706/2024	21	17	14	16	14	13	14	11	10	11	10	8	15	9	9	17	8	9	8	7	9	9	18	17	11	1	0	7	9
2024CK-01209	22	18	15	17	15	14	15	12	11	12	11	9	16	10	10	18	9	10	9	8	10	10	19	18	12	8	7	0	10
2024LN-01047;2024LN-01047/2024	22	18	15	17	15	14	15	12	11	12	11	9	16	10	10	18	9	10	9	8	10	10	19	18	12	10	9	10	0
