HAI WGS ID	2024ZN-0458	2024ZN-0059	2024ZN-0246	2024GN-00314	2025ZN-0635	2024GN-00313	2024GN-00312	2023ZN-0091	2024ZN-0153	2024ZN-0007	2023QW-00255	2024ZN-0083	2024ZN-0485	2023QW-00250	2024ZN-0161	2024QG-00004
2024ZN-0458	0	31	38	34	34	33	31	35	37	37	26	48	35	43	44	44
2024ZN-0059	31	0	33	29	29	28	26	30	32	32	21	43	30	38	39	39
2024ZN-0246	38	33	0	36	36	35	33	37	39	39	28	50	37	45	46	46
2024GN-00314	34	29	36	0	6	5	3	15	33	33	22	44	31	39	40	40
2025ZN-0635	34	29	36	6	0	5	3	15	33	33	22	44	31	39	40	40
2024GN-00313	33	28	35	5	5	0	2	14	32	32	21	43	30	38	39	39
2024GN-00312	31	26	33	3	3	2	0	12	30	30	19	41	28	36	37	37
2023ZN-0091	35	30	37	15	15	14	12	0	34	34	23	45	32	40	41	41
2024ZN-0153	37	32	39	33	33	32	30	34	0	14	25	47	34	42	43	43
2024ZN-0007	37	32	39	33	33	32	30	34	14	0	25	47	34	42	43	43
2023QW-00255	26	21	28	22	22	21	19	23	25	25	0	32	19	27	28	28
2024ZN-0083	48	43	50	44	44	43	41	45	47	47	32	0	23	47	48	48
2024ZN-0485	35	30	37	31	31	30	28	32	34	34	19	23	0	34	35	35
2023QW-00250	43	38	45	39	39	38	36	40	42	42	27	47	34	0	7	7
2024ZN-0161	44	39	46	40	40	39	37	41	43	43	28	48	35	7	0	4
2024QG-00004	44	39	46	40	40	39	37	41	43	43	28	48	35	7	4	0
