HAI WGS ID	2025GO-0082	2025CG-00009	2025CG-00001	2025GO-0038	2025CG-00002	2025GO-0037	2025CG-00006	2025GO-0079	2024CG-00027	2024GO-0484	2024GO-0414	2025CG-00014	2025CG-00012	2025GO-0067	2025CG-00013	2024CG-00029	2024GO-0492	2025GO-0019	2025GO-0022	2024CG-00026	2025GO-0020	2024CG-00025	2025GO-0068	2024CG-00028	2024GO-0544	2024CG-00006	2024GO-0096	2025GO-0069	2024HL-00249	2024HL-00037	2024HL-00599	2024HL-00815	2024HL-00587	2024HL-00017	2024HL-00046	2024HL-00034	2023GS-00121
2025GO-0082	0	0	6	5	7	7	19	19	19	17	13	13	12	13	12	13	12	14	9	14	13	9	11	8	8	12	11	14	15	14	23	22	36	18	19	20	20
2025CG-00009	0	0	6	5	7	7	19	19	19	17	13	13	12	13	12	13	12	14	9	14	13	9	11	8	8	12	11	14	15	14	23	22	36	18	19	20	20
2025CG-00001	6	6	0	1	5	5	17	17	17	15	11	11	10	11	10	11	10	12	7	12	11	7	9	6	6	10	9	12	13	12	21	20	34	16	17	18	18
2025GO-0038	5	5	1	0	4	4	16	16	16	14	10	10	9	10	9	10	9	11	6	11	10	6	8	5	5	9	8	11	12	11	20	19	33	15	16	17	17
2025CG-00002	7	7	5	4	0	0	16	16	16	14	10	10	9	10	9	10	9	11	6	11	10	6	8	5	5	9	8	11	12	11	20	19	33	15	16	17	17
2025GO-0037	7	7	5	4	0	0	16	16	16	14	10	10	9	10	9	10	9	11	6	11	10	6	8	5	5	9	8	11	12	11	20	19	33	15	16	17	17
2025CG-00006	19	19	17	16	16	16	0	0	14	12	8	16	15	16	15	16	15	17	12	17	16	12	14	11	11	15	14	17	18	17	26	25	39	21	22	23	23
2025GO-0079	19	19	17	16	16	16	0	0	14	12	8	16	15	16	15	16	15	17	12	17	16	12	14	11	11	15	14	17	18	17	26	25	39	21	22	23	23
2024CG-00027	19	19	17	16	16	16	14	14	0	6	8	16	15	16	15	16	15	17	12	17	16	12	14	11	11	15	14	17	18	17	26	25	39	21	22	23	23
2024GO-0484	17	17	15	14	14	14	12	12	6	0	6	14	13	14	13	14	13	15	10	15	14	10	12	9	9	13	12	15	16	15	24	23	37	19	20	21	21
2024GO-0414	13	13	11	10	10	10	8	8	8	6	0	10	9	10	9	10	9	11	6	11	10	6	8	5	5	9	8	11	12	11	20	19	33	15	16	17	17
2025CG-00014	13	13	11	10	10	10	16	16	16	14	10	0	1	4	7	10	9	11	6	11	10	6	8	5	5	9	8	11	12	11	20	19	33	15	16	17	17
2025CG-00012	12	12	10	9	9	9	15	15	15	13	9	1	0	3	6	9	8	10	5	10	9	5	7	4	4	8	7	10	11	10	19	18	32	14	15	16	16
2025GO-0067	13	13	11	10	10	10	16	16	16	14	10	4	3	0	7	10	9	11	6	11	10	6	8	5	5	9	8	11	12	11	20	19	33	15	16	17	17
2025CG-00013	12	12	10	9	9	9	15	15	15	13	9	7	6	7	0	9	8	10	5	10	9	5	7	4	4	8	7	10	11	10	19	18	32	14	15	16	16
2024CG-00029	13	13	11	10	10	10	16	16	16	14	10	10	9	10	9	0	1	11	6	11	10	6	8	5	5	9	8	11	12	11	20	19	33	15	16	17	17
2024GO-0492	12	12	10	9	9	9	15	15	15	13	9	9	8	9	8	1	0	10	5	10	9	5	7	4	4	8	7	10	11	10	19	18	32	14	15	16	16
2025GO-0019	14	14	12	11	11	11	17	17	17	15	11	11	10	11	10	11	10	0	7	12	11	7	9	6	6	10	9	12	13	12	21	20	34	16	17	18	18
2025GO-0022	9	9	7	6	6	6	12	12	12	10	6	6	5	6	5	6	5	7	0	7	6	2	4	1	1	5	4	7	8	7	16	15	29	11	12	13	13
2024CG-00026	14	14	12	11	11	11	17	17	17	15	11	11	10	11	10	11	10	12	7	0	11	7	9	6	6	10	9	12	13	12	21	20	34	16	17	18	18
2025GO-0020	13	13	11	10	10	10	16	16	16	14	10	10	9	10	9	10	9	11	6	11	0	6	8	5	5	9	8	11	12	11	20	19	33	15	16	17	17
2024CG-00025	9	9	7	6	6	6	12	12	12	10	6	6	5	6	5	6	5	7	2	7	6	0	4	1	1	5	4	7	8	7	16	15	29	11	12	13	13
2025GO-0068	11	11	9	8	8	8	14	14	14	12	8	8	7	8	7	8	7	9	4	9	8	4	0	3	3	7	6	9	10	9	18	17	31	13	14	15	15
2024CG-00028	8	8	6	5	5	5	11	11	11	9	5	5	4	5	4	5	4	6	1	6	5	1	3	0	0	4	3	6	7	6	15	14	28	10	11	12	12
2024GO-0544	8	8	6	5	5	5	11	11	11	9	5	5	4	5	4	5	4	6	1	6	5	1	3	0	0	4	3	6	7	6	15	14	28	10	11	12	12
2024CG-00006	12	12	10	9	9	9	15	15	15	13	9	9	8	9	8	9	8	10	5	10	9	5	7	4	4	0	1	8	9	8	17	16	30	12	13	14	14
2024GO-0096	11	11	9	8	8	8	14	14	14	12	8	8	7	8	7	8	7	9	4	9	8	4	6	3	3	1	0	7	8	7	16	15	29	11	12	13	13
2025GO-0069	14	14	12	11	11	11	17	17	17	15	11	11	10	11	10	11	10	12	7	12	11	7	9	6	6	8	7	0	11	10	19	18	32	14	15	16	16
2024HL-00249	15	15	13	12	12	12	18	18	18	16	12	12	11	12	11	12	11	13	8	13	12	8	10	7	7	9	8	11	0	3	14	13	27	9	10	11	11
2024HL-00037	14	14	12	11	11	11	17	17	17	15	11	11	10	11	10	11	10	12	7	12	11	7	9	6	6	8	7	10	3	0	13	12	26	8	9	10	10
2024HL-00599	23	23	21	20	20	20	26	26	26	24	20	20	19	20	19	20	19	21	16	21	20	16	18	15	15	17	16	19	14	13	0	1	23	5	8	11	11
2024HL-00815	22	22	20	19	19	19	25	25	25	23	19	19	18	19	18	19	18	20	15	20	19	15	17	14	14	16	15	18	13	12	1	0	22	4	7	10	10
2024HL-00587	36	36	34	33	33	33	39	39	39	37	33	33	32	33	32	33	32	34	29	34	33	29	31	28	28	30	29	32	27	26	23	22	0	18	21	24	24
2024HL-00017	18	18	16	15	15	15	21	21	21	19	15	15	14	15	14	15	14	16	11	16	15	11	13	10	10	12	11	14	9	8	5	4	18	0	3	6	6
2024HL-00046	19	19	17	16	16	16	22	22	22	20	16	16	15	16	15	16	15	17	12	17	16	12	14	11	11	13	12	15	10	9	8	7	21	3	0	7	7
2024HL-00034	20	20	18	17	17	17	23	23	23	21	17	17	16	17	16	17	16	18	13	18	17	13	15	12	12	14	13	16	11	10	11	10	24	6	7	0	0
2023GS-00121	20	20	18	17	17	17	23	23	23	21	17	17	16	17	16	17	16	18	13	18	17	13	15	12	12	14	13	16	11	10	11	10	24	6	7	0	0
