HAI WGS ID	2024LN-00971;2024LN-00971/2024	2024LN-00754;2024LN-00754/2024	2024LN-00924;2024LN-00924/2024	2024LN-00739;2024LN-00739/2024	2024CK-01529	2024LN-01010;2024LN-01010/2024	2024LN-00619;2024LN-00619/2024	2024CK-01682	2024LN-00737;2024LN-00737/2024	2024LN-01057;2024LN-01057/2024	2024LN-01331;2024LN-01331/2025	2024LN-01336;2024LN-01336/2025	2024CK-01879	2024LN-01251;2024LN-01251/2025	2024LN-00642;2024LN-00642/2024	2024LN-00934;2024LN-00934/2024	2024LN-00246;2024LN-00246/2024	2024LN-00927;2024LN-00927/2024	2024LN-00972;2024LN-00972/2024	2024LN-00439;2024LN-00439/2024	2024LN-00460;2024LN-00460/2024	2024LN-00306;2024LN-00306/2024	2024CK-00594	2024LN-00334;2024LN-00334/2024	2024LN-00281;2024LN-00281/2024	2024LN-01004;2024LN-01004/2024	2024LN-00626;2024LN-00626/2024	2024LN-00142;2024LN-00142/2024
2024LN-00971;2024LN-00971/2024	0	8	8	7	10	9	11	12	15	15	14	18	16	12	10	23	15	17	17	17	16	14	14	13	12	20	20	15
2024LN-00754;2024LN-00754/2024	8	0	2	1	4	3	5	6	9	9	8	12	10	6	4	17	9	11	11	11	10	8	8	7	6	14	14	9
2024LN-00924;2024LN-00924/2024	8	2	0	1	4	3	5	6	9	9	8	12	10	6	4	17	9	11	11	11	10	8	8	7	6	14	14	9
2024LN-00739;2024LN-00739/2024	7	1	1	0	3	2	4	5	8	8	7	11	9	5	3	16	8	10	10	10	9	7	7	6	5	13	13	8
2024CK-01529	10	4	4	3	0	1	5	6	9	9	8	12	10	6	4	17	9	11	11	11	10	8	8	7	6	14	14	9
2024LN-01010;2024LN-01010/2024	9	3	3	2	1	0	4	5	8	8	7	11	9	5	3	16	8	10	10	10	9	7	7	6	5	13	13	8
2024LN-00619;2024LN-00619/2024	11	5	5	4	5	4	0	7	10	10	9	13	11	7	5	18	10	12	12	12	11	9	9	8	7	15	15	10
2024CK-01682	12	6	6	5	6	5	7	0	11	11	10	14	12	8	6	19	11	13	13	13	12	10	10	9	8	16	16	11
2024LN-00737;2024LN-00737/2024	15	9	9	8	9	8	10	11	0	4	7	13	11	7	5	18	10	12	12	12	11	9	9	8	7	15	15	10
2024LN-01057;2024LN-01057/2024	15	9	9	8	9	8	10	11	4	0	7	13	11	7	5	18	10	12	12	12	11	9	9	8	7	15	15	10
2024LN-01331;2024LN-01331/2025	14	8	8	7	8	7	9	10	7	7	0	12	10	6	4	17	9	11	11	11	10	8	8	7	6	14	14	9
2024LN-01336;2024LN-01336/2025	18	12	12	11	12	11	13	14	13	13	12	0	2	10	8	21	13	15	15	15	14	12	12	11	10	18	18	13
2024CK-01879	16	10	10	9	10	9	11	12	11	11	10	2	0	8	6	19	11	13	13	13	12	10	10	9	8	16	16	11
2024LN-01251;2024LN-01251/2025	12	6	6	5	6	5	7	8	7	7	6	10	8	0	2	15	7	9	9	9	8	6	6	5	4	12	12	7
2024LN-00642;2024LN-00642/2024	10	4	4	3	4	3	5	6	5	5	4	8	6	2	0	13	5	7	7	7	6	4	4	3	2	10	10	5
2024LN-00934;2024LN-00934/2024	23	17	17	16	17	16	18	19	18	18	17	21	19	15	13	0	8	12	12	16	15	13	13	12	11	19	19	14
2024LN-00246;2024LN-00246/2024	15	9	9	8	9	8	10	11	10	10	9	13	11	7	5	8	0	4	4	8	7	5	5	4	3	11	11	6
2024LN-00927;2024LN-00927/2024	17	11	11	10	11	10	12	13	12	12	11	15	13	9	7	12	4	0	2	10	9	7	7	6	5	13	13	8
2024LN-00972;2024LN-00972/2024	17	11	11	10	11	10	12	13	12	12	11	15	13	9	7	12	4	2	0	10	9	7	7	6	5	13	13	8
2024LN-00439;2024LN-00439/2024	17	11	11	10	11	10	12	13	12	12	11	15	13	9	7	16	8	10	10	0	1	5	7	6	5	13	13	8
2024LN-00460;2024LN-00460/2024	16	10	10	9	10	9	11	12	11	11	10	14	12	8	6	15	7	9	9	1	0	4	6	5	4	12	12	7
2024LN-00306;2024LN-00306/2024	14	8	8	7	8	7	9	10	9	9	8	12	10	6	4	13	5	7	7	5	4	0	4	3	2	10	10	5
2024CK-00594	14	8	8	7	8	7	9	10	9	9	8	12	10	6	4	13	5	7	7	7	6	4	0	3	2	10	10	5
2024LN-00334;2024LN-00334/2024	13	7	7	6	7	6	8	9	8	8	7	11	9	5	3	12	4	6	6	6	5	3	3	0	1	9	9	4
2024LN-00281;2024LN-00281/2024	12	6	6	5	6	5	7	8	7	7	6	10	8	4	2	11	3	5	5	5	4	2	2	1	0	8	8	3
2024LN-01004;2024LN-01004/2024	20	14	14	13	14	13	15	16	15	15	14	18	16	12	10	19	11	13	13	13	12	10	10	9	8	0	14	9
2024LN-00626;2024LN-00626/2024	20	14	14	13	14	13	15	16	15	15	14	18	16	12	10	19	11	13	13	13	12	10	10	9	8	14	0	9
2024LN-00142;2024LN-00142/2024	15	9	9	8	9	8	10	11	10	10	9	13	11	7	5	14	6	8	8	8	7	5	5	4	3	9	9	0
